552565
284416
718635
267647
391777
730444
561558
886961
591174
176074
778116
950477
815273
467807
617144
357076
976281
773223
143853
606567
467568
615546
393448
321951
764998
346510
935795
158463
449633
983380
980228
142413
661832
830656
439258
520905
782355
867876
224153
909552
107645
940306
688585
266256
971650
897921
446412
197568
513864
664430
317161
358892
198634
588121
938994
640556
768668
150056
210398
718992
238258
106681
852505
827002
515264
260092
895135
821251
489744
477733
307637
968960
655281
853749
580063
719869
976420
284390
320757
489045
223439
291105
103853
731300
524045
382092
117055
865064
764221
337530
195708
872404
657692
396155
348596
957109
211453
211015
515271
579702
590139
976154
389164
993904
616027
618267
770733
158542
817159
329981
189106
826010
684629
371147
326650
532879
550777
906968
407298
136171
877908
822925
980929
954326
104114
300211
844909
325397
994476
554737
435483
650479
499612
647567
487384
191176
412998
320164
110978
960689
476224
887730
472404
384139
199919
855160
829914
219325
249407
302484
981077
601026
160978
223978
233824
798661
345958
604328
686839
949985
189521
603117
895384
479961
796146
780823
588228
802035
422516
617492
399211
131443
393830
361425
741850
377784
762657
558634
376651
858805
372744
761958
116954
587357
745160
766254
184182
905200
397758
918170
907132
187312
559766
906432
844417
303800
367614
891467
723954
687871
270661
222960
401774
263302
188593
189412
342281
245635
435991
688772
909295
795675
