862159
196205
994126
395513
866604
822564
359530
826190
117754
863476
365423
664360
361803
286316
947604
168092
784411
386737
304246
900472
838623
612671
675502
284835
483870
480397
636398
890429
162091
842266
965711
259830
448068
816877
803445
678054
886764
317606
103140
562246
635298
673161
379107
137958
593328
735510
337775
971296
139185
366138
485594
909452
637212
635393
871973
991422
414681
168200
528656
196503
664308
590008
462933
978568
534430
189981
862549
988353
857585
754075
892255
150671
852346
147958
771707
370713
454302
457996
414043
767312
113041
143068
207245
389302
954403
330404
859293
237492
622684
864959
550699
479758
381016
281588
842217
172832
313032
940443
431710
274900
544379
486098
347224
381591
884912
607627
228648
565495
266645
359177
549795
139419
232153
206317
169552
645750
790362
119851
192591
973155
141061
903752
191208
855270
512990
476425
187887
703628
968187
910251
383002
705244
181108
451277
527771
614230
517852
964421
427668
517114
824776
853936
534513
240338
398954
270991
406289
333356
207449
773443
611666
605465
346367
347103
399255
774067
769041
990749
936194
351044
933557
788749
126278
335873
860996
472449
912375
194522
256137
990239
203656
167001
239845
169131
569956
414236
429629
584564
862848
237495
771536
267279
668301
110521
166572
764689
783298
370198
690097
686027
997119
380826
468950
900635
724505
165015
194595
986908
988302
