198400113,5,A,2,5521,5,A,undefined,3254,5,A,4,29810,5,A,0,12315,5,A,undefined,2482,7,B,4,5093,7,B,5,3327,7,B,-3,4927,7,B,4,4631,0,C,-2,4038,0,C,-2,2574,0,C,-3,4312,0,C,-2,5742,3,D,2,5187,3,D,2,30109,3,D,2,1852,3,D,2,3422,5,A,5,2857,7,B,5,1519,0,C,0,2289,3,D,0,2216,m,26,white,0,1,3,2
922537279,3,B,-5,13774,3,B,-5,8617,3,B,5,5683,3,B,5,5196,3,B,0,39751,2,C,5,7811,2,C,5,6606,2,C,-5,4266,2,C,-5,5392,7,A,5,3689,7,A,5,2771,7,A,-5,6070,7,A,-5,4436,4,D,-5,5921,4,D,-5,3227,4,D,5,5244,4,D,-5,7355,3,B,5,5136,2,C,5,3052,7,A,5,1960,4,D,5,2371,m,22,White,2,4,1,2
645531575,1,B,5,8876,1,B,5,9156,1,B,1,8690,1,B,-1,6553,1,B,undefined,8749,7,A,5,5725,7,A,3,7632,7,A,-1,5085,7,A,-1,5046,4,C,3,5717,4,C,2,3108,4,C,-1,6703,4,C,-1,2120,6,D,0,6013,6,D,-1,5117,6,D,-2,4331,6,D,-2,1937,1,B,2,3830,7,A,1,2703,4,C,1,2155,6,D,-2,2978,m,27,white,0,2,4,5
757619666,3,B,-1,11637,3,B,-2,6714,3,B,1,7056,3,B,-5,8690,3,B,undefined,2542,8,D,2,6973,8,D,3,4067,8,D,0,3627,8,D,-1,6079,4,A,4,5587,4,A,5,21583,4,A,-4,5056,4,A,2,3524,5,C,-1,4404,5,C,-2,4322,5,C,2,4450,5,C,-3,3320,3,B,1,8790,8,D,-5,3059,4,A,5,2835,5,C,2,4552,f,21,Black,11,3,2,3
884933887,6,D,-2,15454,6,D,-5,9465,6,D,3,9546,6,D,0,8704,6,D,undefined,5147,1,B,3,10378,1,B,3,7606,1,B,-1,7917,1,B,3,6573,5,A,3,6744,5,A,2,4899,5,A,0,4960,5,A,2,5766,2,C,3,7505,2,C,3,2996,2,C,-3,5805,2,C,3,3621,6,D,5,5981,1,B,5,4780,5,A,5,2901,2,C,5,2646,m,39,White,2,1,0,5
653831514,7,A,1,9814,7,A,2,11295,7,A,1,11923,7,A,-2,6423,7,A,undefined,4456,8,B,1,8981,8,B,-3,5583,8,B,3,5081,8,B,-2,3183,1,C,-3,7804,1,C,-2,3747,1,C,2,4134,1,C,-3,3141,2,D,2,9686,2,D,1,6861,2,D,2,4060,2,D,1,3901,7,A,2,9689,8,B,-3,2948,1,C,-3,2181,2,D,-3,2785,m,29,White,1,2,2,1
363976572,7,A,4,8224,7,A,4,4876,7,A,-1,5103,7,A,2,5105,7,A,undefined,3040,6,D,-3,5540,6,D,-2,3433,6,D,3,6000,6,D,-2,4650,8,B,3,6281,8,B,3,2949,8,B,-2,3977,8,B,1,5419,3,C,-4,5442,3,C,-4,35309,3,C,4,6311,3,C,-3,5936,7,A,1,11157,6,D,-4,2505,8,B,1,2134,3,C,-4,2194,m,22,white,3,2,2,2
670245728,4,B,-2,9373,4,B,-2,10025,4,B,2,10927,4,B,-3,6837,4,B,undefined,9253,3,C,-1,14637,3,C,-4,5008,3,C,3,5267,3,C,-4,5277,5,A,0,7381,5,A,-2,6185,5,A,3,4195,5,A,-3,4057,0,D,-3,12617,0,D,-2,5879,0,D,3,5648,0,D,-4,4559,4,B,0,6213,3,C,-2,5647,5,A,-1,4365,0,D,-2,5662,f,58,WHITE,10,,,2
353687284,3,C,2,6743,3,C,-1,7807,3,C,1,7487,3,C,2,6513,3,C,undefined,5409,7,D,4,7433,7,D,3,4449,7,D,1,6362,7,D,1,8042,2,B,3,6562,2,B,2,10019,2,B,1,5736,2,B,2,2010,5,A,3,4840,5,A,0,6531,5,A,2,5453,5,A,1,4671,3,C,2,6051,7,D,4,3125,2,B,2,2265,5,A,-1,5103,m,28,White,3,2,3,1
577423533,3,C,-2,21306,3,C,-2,12053,3,C,2,9740,3,C,-3,8814,3,C,undefined,6062,2,A,2,23822,2,A,1,7919,2,A,-2,9346,2,A,-2,5670,1,B,3,7926,1,B,2,8462,1,B,-4,5110,1,B,0,5582,4,D,1,8022,4,D,2,6694,4,D,-2,8038,4,D,0,3158,3,C,3,11013,2,A,5,4654,1,B,4,8366,4,D,-5,10503,f,54,white,3,2,1,5
444908786,0,D,-3,9720,0,D,-4,7718,0,D,-3,6743,0,D,-1,9639,0,D,undefined,4512,1,C,2,5711,1,C,3,4192,1,C,0,7384,1,C,-1,12863,6,A,-2,7865,6,A,-3,4071,6,A,2,6816,6,A,-2,4607,7,B,3,8247,7,B,1,4911,7,B,-1,7951,7,B,0,5120,0,D,-4,6864,1,C,-5,4239,6,A,1,7783,7,B,-3,3024,m,26,hispanic,0,5,1,5
630234330,5,C,1,19517,5,C,0,15013,5,C,-3,6978,5,C,3,5808,5,C,undefined,4203,6,A,1,7760,6,A,0,4423,6,A,-3,3713,6,A,3,2406,8,B,1,9984,8,B,0,6784,8,B,-3,3936,8,B,3,3392,3,D,2,10580,3,D,1,7824,3,D,-3,6509,3,D,3,2115,5,C,4,5313,6,A,3,2850,8,B,4,2655,3,D,4,2552,m,40,Caucasian,0,1,3,2
615619608,7,B,1,4854,7,B,1,4920,7,B,2,4555,7,B,2,2655,7,B,3,4116,4,C,1,2622,4,C,-1,3244,4,C,2,2840,4,C,2,3074,8,A,3,3750,8,A,2,4820,8,A,2,3607,8,A,3,3073,2,D,2,3952,2,D,3,3863,2,D,2,3684,2,D,3,4583,7,B,1,2669,4,C,2,2556,8,A,0,2968,2,D,2,3064,m,27,black,2,2,3,2
876755285,0,B,-3,5780,0,B,-4,5759,0,B,3,6169,0,B,-2,5360,0,B,undefined,2482,4,C,2,7476,4,C,-3,5456,4,C,-1,4827,4,C,-1,6381,5,A,-2,6599,5,A,-3,4141,5,A,2,7484,5,A,-1,4257,7,D,1,8780,7,D,-2,3741,7,D,-1,5730,7,D,-1,3949,0,B,1,8607,4,C,2,5467,5,A,3,2918,7,D,1,3453,f,33,Caucasian,0,5,2,1
766943511,2,D,-1,7204,2,D,-3,8355,2,D,3,5849,2,D,-3,7670,2,D,undefined,4784,0,A,-3,4705,0,A,-3,5889,0,A,3,5389,0,A,-2,5054,8,C,0,7454,8,C,0,7135,8,C,1,4453,8,C,0,4457,3,B,-2,5464,3,B,-5,5651,3,B,3,6775,3,B,-3,8376,2,D,0,10373,0,A,-1,3469,8,C,-3,2493,3,B,-4,3836,m,23,Hispanic,5,0,4,3
307074719,8,B,2,2768,8,B,0,1376,8,B,1,1440,8,B,0,2208,8,B,1,1047,2,D,0,4551,2,D,1,3015,2,D,-1,2671,2,D,2,1808,5,C,1,1271,5,C,2,1863,5,C,1,1192,5,C,-1,1112,6,A,-2,2431,6,A,0,1216,6,A,1,1671,6,A,2,1904,8,B,1,1864,2,D,0,1424,5,C,-1,1224,6,A,1,1472,m,34,White,5,1,4,6
624210180,6,D,-3,17747,6,D,-2,8961,6,D,2,11948,6,D,-2,10597,6,D,undefined,3549,3,C,-1,14150,3,C,-2,10480,3,C,-2,10298,3,C,-2,9716,8,B,-2,14129,8,B,-1,6199,8,B,1,17447,8,B,-3,7982,4,A,2,9281,4,A,-1,7698,4,A,0,14664,4,A,-1,7999,6,D,0,15331,3,C,1,9482,8,B,1,4897,4,A,2,4632,f,69,Caucasian,2,1,6,2
918084156,5,D,-4,21546,5,D,-3,22015,5,D,4,9705,5,D,-4,6979,5,D,undefined,6286,4,C,-3,11567,4,C,-4,8873,4,C,-4,4707,4,C,-4,2957,8,B,-4,13890,8,B,-4,4696,8,B,-4,4118,8,B,-4,4028,6,A,-4,4755,6,A,-4,2695,6,A,-4,2656,6,A,-4,2204,5,D,5,11478,4,C,5,5036,8,B,5,4947,6,A,5,2972,f,44,White,5,2,4,3
941983970,5,D,-4,4764,5,D,-4,2709,5,D,4,3429,5,D,-4,4456,5,D,undefined,3344,3,C,-3,9077,3,C,-3,2689,3,C,3,3975,3,C,-4,11240,6,A,-4,3766,6,A,-4,3248,6,A,4,3734,6,A,-4,2244,4,B,-3,5073,4,B,-3,2190,4,B,3,2698,4,B,-3,1895,5,D,-5,2964,3,C,-5,1608,6,A,-5,2109,4,B,-5,1504,m,26,asian,3,1,4,4
668980716,1,A,-2,6841,1,A,-4,4075,1,A,4,5032,1,A,2,6939,1,A,undefined,7403,0,B,-4,4910,0,B,-2,2875,0,B,5,4062,0,B,-2,7635,3,D,1,6330,3,D,-2,4264,3,D,2,3487,3,D,-1,3804,5,C,-2,4581,5,C,-4,4592,5,C,2,4998,5,C,-1,2050,1,A,-2,6064,0,B,-4,3342,3,D,-3,3709,5,C,2,1835,m,25,asian,2,1,2,2
703494980,5,A,-1,3465,5,A,4,3133,5,A,2,3985,5,A,-5,2731,5,A,undefined,15285,4,B,3,3383,4,B,-2,4335,4,B,0,2300,4,B,3,2614,3,C,-2,2468,3,C,0,5281,3,C,3,4924,3,C,-2,1895,8,D,-1,1501,8,D,3,2316,8,D,2,2596,8,D,-4,2036,5,A,4,3281,4,B,2,26217,3,C,-1,2018,8,D,0,2466,f,27,White,5,1,4,3
298766556,0,B,-5,6016,0,B,-5,4930,0,B,5,9209,0,B,-3,6212,0,B,undefined,3148,7,C,3,5834,7,C,2,5398,7,C,3,3780,7,C,3,4180,4,D,3,11288,4,D,2,4216,4,D,2,5070,4,D,3,4545,1,A,-2,7460,1,A,-2,4858,1,A,1,7055,1,A,3,6422,0,B,2,4685,7,C,-2,3548,4,D,-2,2466,1,A,-1,4901,m,40,white,2,1,4,6
602979687,1,D,1,10089,1,D,0,9006,1,D,2,5000,1,D,-2,5111,1,D,undefined,4360,5,A,-2,7391,5,A,-2,3991,5,A,3,7017,5,A,-2,2752,7,C,3,8913,7,C,1,1951,7,C,1,4440,7,C,-2,4808,4,B,1,23207,4,B,1,4600,4,B,2,3090,4,B,-2,3614,1,D,-2,7969,5,A,-2,3487,7,C,2,2480,4,B,0,2639,m,28,Asian,10,1,6,2
194909247,8,C,2,5879,8,C,1,6087,8,C,3,6952,8,C,-5,3960,8,C,undefined,3344,7,D,2,5832,7,D,2,2352,7,D,3,1872,7,D,-5,1967,3,A,-1,5347,3,A,-1,3748,3,A,3,2855,3,A,-5,1614,1,B,1,3488,1,B,1,2022,1,B,3,1648,1,B,-5,2007,8,C,-5,2712,7,D,-5,3215,3,A,-5,1935,1,B,-5,1943,f,37,White,9,4,4,1
787107200,3,C,-1,5926,3,C,-4,7111,3,C,3,6903,3,C,-4,5730,3,C,undefined,2650,6,B,4,7961,6,B,3,7039,6,B,-3,6204,6,B,-2,4009,2,A,4,5103,2,A,3,3198,2,A,-2,6223,2,A,-3,4424,8,D,5,4185,8,D,3,3900,8,D,-5,8842,8,D,-5,3494,3,C,5,4601,6,B,5,3378,2,A,5,2722,8,D,5,3019,f,35,caribbean latino,7,2,4,4
120820000,6,B,-3,12112,6,B,-4,13200,6,B,2,4546,6,B,-2,12029,6,B,undefined,4217,3,D,-3,9680,3,D,-5,4982,3,D,3,4430,3,D,-4,2851,2,C,-2,7381,2,C,-3,3615,2,C,1,2482,2,C,-1,3550,4,A,-2,14394,4,A,-1,4864,4,A,1,2550,4,A,-1,3217,6,B,1,5612,3,D,-1,4201,2,C,2,4815,4,A,-1,2898,f,33,Asian,0,1,4,2
583770405,8,A,2,8084,8,A,1,8299,8,A,1,6232,8,A,0,9832,8,A,undefined,4285,1,B,2,11466,1,B,2,6050,1,B,-2,6802,1,B,-2,4682,6,C,-1,9134,6,C,-1,2583,6,C,undefined,2651,6,C,-1,4650,0,D,-1,11151,0,D,-1,1746,0,D,-1,3436,0,D,-1,1665,8,A,-4,4316,1,B,-4,2301,6,C,-4,2067,0,D,-4,3182,m,42,White,5,4,2,6
303846016,3,D,-4,30625,3,D,-4,12329,3,D,-2,13950,3,D,-3,8383,3,D,undefined,8753,8,A,-2,7269,8,A,-2,8057,8,A,-2,5751,8,A,-4,6869,4,C,3,8996,4,C,3,23044,4,C,3,10440,4,C,0,9722,1,B,3,12565,1,B,3,7662,1,B,-3,10025,1,B,-3,6152,3,D,-5,8248,8,A,3,6966,4,C,-5,3920,1,B,3,3738,m,35,White,6,3,6,4
405382854,8,C,3,21545,8,C,-5,10237,8,C,5,10041,8,C,-5,10656,8,C,undefined,5351,3,A,-3,37386,3,A,-5,12804,3,A,5,7066,3,A,-5,8088,7,B,undefined,18227,7,B,4,17985,7,B,-5,30819,7,B,5,6870,4,D,4,17906,4,D,3,22048,4,D,3,8163,4,D,5,5219,8,C,-5,8563,3,A,3,6803,7,B,4,5192,4,D,5,3823,f,26,MULTIRACIAL,6,1,2,2
269591534,7,B,3,36858,7,B,0,34062,7,B,4,15628,7,B,3,17816,7,B,undefined,7101,8,D,0,27158,8,D,0,27507,8,D,3,11483,8,D,2,11119,1,C,4,14292,1,C,0,17262,1,C,2,11751,1,C,2,6921,5,A,4,10626,5,A,1,13558,5,A,3,16979,5,A,2,9177,7,B,5,12873,8,D,5,4924,1,C,5,5418,5,A,5,3923,f,50,white,4,2,1,2
282456600,7,D,-2,11490,7,D,1,6706,7,D,0,4419,7,D,-3,4808,7,D,undefined,4675,0,C,-4,3764,0,C,-4,2972,0,C,2,13193,0,C,-3,6750,1,B,3,12091,1,B,3,3552,1,B,0,6004,1,B,-1,3376,3,A,-3,6983,3,A,-3,2608,3,A,3,5859,3,A,-3,4059,7,D,2,5203,0,C,-4,3931,1,B,3,2379,3,A,-3,2796,m,45,white,10,4,6,4
504560618,5,B,1,8700,5,B,0,7371,5,B,-1,6866,5,B,0,7084,5,B,undefined,5480,3,A,1,6082,3,A,-1,4782,3,A,0,3776,3,A,-1,4998,4,C,2,5472,4,C,0,4244,4,C,0,4528,4,C,1,4514,7,D,1,6364,7,D,0,5643,7,D,-2,90256,7,D,-1,4094,5,B,3,5915,3,A,3,1931,4,C,1,2437,7,D,3,3988,m,22,White,10,3,1,4
605466292,7,A,0,17228,7,A,-1,10924,7,A,1,6692,7,A,1,7981,7,A,undefined,5610,3,B,-3,19667,3,B,-4,8757,3,B,3,8168,3,B,-3,9008,6,C,-4,12852,6,C,-5,4556,6,C,4,6200,6,C,-5,8136,1,D,0,24609,1,D,-1,4766,1,D,1,4845,1,D,-2,6372,7,A,-2,13444,3,B,-3,10264,6,C,-2,7414,1,D,-2,5167,m,34,White,2,2,3,2
776853906,2,C,1,9447,2,C,-3,10421,2,C,2,5509,2,C,-1,9071,2,C,undefined,3991,6,A,-2,5313,6,A,-4,6173,6,A,3,7599,6,A,-2,5414,7,B,1,9405,7,B,-1,4215,7,B,2,5183,7,B,-1,5519,4,D,-1,6694,4,D,-2,3393,4,D,2,7510,4,D,-2,4848,2,C,1,7535,6,A,3,2549,7,B,2,4591,4,D,1,4088,f,34,white,1,1,1,1
472137105,5,D,-3,6256,5,D,-3,6524,5,D,3,11415,5,D,-4,13680,5,D,undefined,3855,2,B,-1,5951,2,B,-1,9040,2,B,-1,4512,2,B,-4,6760,4,C,0,5583,4,C,0,5343,4,C,0,4095,4,C,-1,4952,7,A,1,5400,7,A,0,5903,7,A,0,3512,7,A,-1,3927,5,D,2,5744,2,B,3,3168,4,C,1,3272,7,A,3,4392,m,56,hispanic,0,1,2,1
443580190,2,C,-2,14112,2,C,-2,6911,2,C,-1,7893,2,C,-5,6936,2,C,undefined,8250,1,B,2,12914,1,B,0,8315,1,B,1,9160,1,B,-5,5344,5,D,1,12466,5,D,1,2857,5,D,-2,17971,5,D,-5,4168,4,A,-1,8386,4,A,-3,5728,4,A,3,8817,4,A,-5,4345,2,C,-5,6902,1,B,1,10652,5,D,-1,3145,4,A,-3,4506,f,32,Korean/White,5,3,4,6
284905079,1,A,3,5499,1,A,undefined,6907,1,A,1,4296,1,A,-2,5552,1,A,undefined,3551,3,C,-2,5750,3,C,-2,4497,3,C,2,4278,3,C,-4,4119,8,D,0,14447,8,D,1,3718,8,D,-1,3263,8,D,-3,2655,5,B,-3,4934,5,B,-1,2767,5,B,3,3630,5,B,-4,2686,1,A,-4,3799,3,C,-4,2736,8,D,-4,2035,5,B,-4,1945,f,33,Caucasian,10,5,4,3
305375026,0,C,-3,9276,0,C,-4,7977,0,C,2,7378,0,C,-4,8023,0,C,undefined,8922,8,A,2,7269,8,A,1,8500,8,A,1,9842,8,A,-3,5054,5,D,-2,10770,5,D,-4,7438,5,D,2,5468,5,D,-4,3808,6,B,-2,26683,6,B,-3,4886,6,B,3,5687,6,B,-4,4193,0,C,0,7115,8,A,0,3313,5,D,0,3767,6,B,0,3659,f,34,White,8,5,4,3
528148617,1,C,-3,21783,1,C,-5,7486,1,C,4,14464,1,C,-3,6560,1,C,undefined,8640,4,A,-1,24071,4,A,-5,7935,4,A,3,8208,4,A,-3,6886,8,D,1,13175,8,D,-4,5871,8,D,3,7271,8,D,-1,4448,5,B,-5,8118,5,B,-5,5040,5,B,5,5464,5,B,-5,3665,1,C,4,10255,4,A,4,6623,8,D,4,2872,5,B,4,9214,f,37,white,9,2,5,2
148383953,4,D,-1,16809,4,D,3,15414,4,D,3,12817,4,D,-3,6229,4,D,undefined,7615,2,B,1,12570,2,B,4,5815,2,B,1,4899,2,B,1,5132,7,C,4,8277,7,C,4,5740,7,C,1,5504,7,C,2,7579,1,A,4,5613,1,A,4,8501,1,A,1,8779,1,A,1,6500,4,D,-4,5575,2,B,-4,4899,7,C,2,3950,1,A,2,2786,f,31,White,2,6,2,4
921299663,2,D,0,9752,2,D,-2,6540,2,D,1,7162,2,D,-2,5617,2,D,undefined,3740,1,C,2,4655,1,C,-1,6580,1,C,1,6499,1,C,-1,5792,0,A,-4,4092,0,A,-5,3548,0,A,1,4669,0,A,-3,4055,3,B,-2,5849,3,B,-1,3061,3,B,1,3974,3,B,-2,5409,2,D,-5,4793,1,C,-5,2814,0,A,-5,2561,3,B,-5,2742,f,52,white,1,1,4,1
298535413,2,A,2,6455,2,A,-4,6102,2,A,2,6386,2,A,-2,5026,2,A,undefined,2618,3,C,-5,5549,3,C,-5,2877,3,C,undefined,5445,3,C,-5,5770,8,B,0,4964,8,B,0,5404,8,B,0,3875,8,B,0,3119,7,D,2,5727,7,D,0,4636,7,D,2,7359,7,D,0,2901,2,A,1,3092,3,C,-2,4018,8,B,1,1886,7,D,0,5500,m,28,White,1,1,2,7
444403637,2,B,-2,9412,2,B,-3,7735,2,B,3,7734,2,B,-4,7712,2,B,undefined,3240,8,A,-1,5823,8,A,-2,7535,8,A,4,5753,8,A,-4,7423,3,C,-1,5733,3,C,-3,3111,3,C,4,4487,3,C,-3,4784,6,D,-1,10401,6,D,-4,2455,6,D,3,2791,6,D,-3,4968,2,B,5,5024,8,A,5,3031,3,C,3,2912,6,D,3,2504,f,36,Caucasian,5,4,4,1
347658547,3,D,-1,22176,3,D,-3,12581,3,D,-2,9061,3,D,-5,11079,3,D,undefined,6824,5,B,-1,12718,5,B,-1,9416,5,B,-1,5135,5,B,-1,9128,4,A,2,7631,4,A,1,7344,4,A,1,12734,4,A,1,10176,1,C,3,7510,1,C,3,9920,1,C,-3,9814,1,C,1,6087,3,D,-4,7335,5,B,undefined,4816,4,A,1,7591,1,C,3,2879,f,46,white,10,3,2,4
710695287,0,C,-2,22354,0,C,-4,9739,0,C,2,9641,0,C,-3,9625,0,C,undefined,4242,3,B,-1,18525,3,B,-4,7975,3,B,3,7353,3,B,-3,6480,5,D,0,12454,5,D,-2,3794,5,D,2,3236,5,D,-2,2081,2,A,0,5449,2,A,-2,2602,2,A,2,3904,2,A,-2,8137,0,C,-3,4718,3,B,-2,3914,5,D,-1,3710,2,A,0,2320,m,27,white,8,4,4,2
368474996,0,A,1,12019,0,A,2,11757,0,A,2,14265,0,A,-5,8125,0,A,undefined,11946,6,D,1,8873,6,D,1,9512,6,D,-1,8744,6,D,-3,6530,4,C,3,7379,4,C,3,9622,4,C,1,8301,4,C,-3,4856,2,B,3,13020,2,B,2,6266,2,B,-2,7898,2,B,-3,7745,0,A,4,8542,6,D,4,4400,4,C,4,2547,2,B,4,2432,f,31,Mixed race,3,2,4,4
131772768,7,A,3,8023,7,A,3,10979,7,A,-3,6697,7,A,-1,6734,7,A,undefined,3922,5,C,2,9186,5,C,1,5061,5,C,2,10085,5,C,-1,6741,3,B,-3,12254,3,B,-3,5401,3,B,-3,5661,3,B,-5,5967,8,D,1,6579,8,D,0,4146,8,D,1,5888,8,D,-2,4236,7,A,3,5073,5,C,2,2436,3,B,-2,3040,8,D,-2,1543,m,37,Asian,1,2,2,4
968691524,1,C,0,5447,1,C,0,1938,1,C,0,1963,1,C,0,2036,1,C,undefined,2312,6,D,0,2261,6,D,0,1737,6,D,0,2347,6,D,0,2263,8,B,0,3401,8,B,0,3052,8,B,0,2085,8,B,0,1989,4,A,0,2333,4,A,0,2310,4,A,0,2097,4,A,0,2060,1,C,0,2645,6,D,0,2337,8,B,0,2313,4,A,0,1878,m,28,White,3,1,4,4
350783543,8,B,-5,6749,8,B,-5,8807,8,B,5,4050,8,B,-5,6374,8,B,undefined,5038,7,D,0,5965,7,D,-1,2904,7,D,1,6712,7,D,-1,3311,4,A,1,5237,4,A,1,2928,4,A,2,3313,4,A,-2,2512,2,C,2,5377,2,C,2,2739,2,C,2,3673,2,C,-2,2354,8,B,5,4280,7,D,5,2362,4,A,5,2056,2,C,5,2780,f,22,black,10,6,4,4
937864017,6,C,-3,38421,6,C,-4,16171,6,C,3,12406,6,C,-3,17671,6,C,undefined,8545,2,B,4,26177,2,B,3,6763,2,B,0,10306,2,B,3,7472,4,A,1,43054,4,A,0,8385,4,A,0,15027,4,A,0,8824,8,D,0,21495,8,D,0,4990,8,D,2,7052,8,D,0,5829,6,C,-4,11425,2,B,1,10244,4,A,-1,5661,8,D,-4,20338,m,64,white,3,2,3,4
705766082,4,C,0,12658,4,C,-5,16657,4,C,3,9302,4,C,-5,8580,4,C,undefined,5146,3,B,-5,9682,3,B,-5,11691,3,B,4,7519,3,B,-5,6092,8,A,-3,7129,8,A,-5,5851,8,A,4,7786,8,A,-3,5449,7,D,0,8796,7,D,-5,6711,7,D,-4,7454,7,D,-4,6834,4,C,2,6839,3,B,4,4503,8,A,4,4432,7,D,3,5582,f,63,white,1,2,2,4
548041971,1,B,3,19877,1,B,0,14536,1,B,2,7302,1,B,0,228445,1,B,undefined,39212,5,A,-2,12174,5,A,-1,5506,5,A,3,4178,5,A,0,39724,4,D,0,7038,4,D,0,7015,4,D,2,67613,4,D,0,3748,7,C,0,7208,7,C,0,158687,7,C,1,10913,7,C,0,6304,1,B,5,4563,5,A,5,2546,4,D,5,5811,7,C,5,2398,f,33,white,4,3,2,7
705735624,2,B,1,22597,2,B,-4,9317,2,B,4,6783,2,B,-5,9039,2,B,undefined,2711,0,A,-3,6911,0,A,-5,4111,0,A,5,9350,0,A,-5,6552,3,D,-4,14486,3,D,-5,3943,3,D,4,8399,3,D,-5,5479,5,C,3,12918,5,C,-4,5229,5,C,2,7047,5,C,-5,4023,2,B,-5,18679,0,A,-5,4359,3,D,-5,6110,5,C,-3,6623,f,68,white,1,1,2,6
507113607,6,C,-1,129319,6,C,-5,18618,6,C,3,17038,6,C,-5,11900,6,C,undefined,6872,3,B,1,29777,3,B,0,18686,3,B,1,8277,3,B,-5,9618,1,A,5,11127,1,A,3,14033,1,A,-1,24555,1,A,-5,6727,0,D,-3,32762,0,D,-3,14126,0,D,2,9368,0,D,-5,6258,6,C,5,15553,3,B,5,11160,1,A,5,7202,0,D,5,6618,f,58,Native American or Alaska Native,1,2,2,4
423883621,0,C,-2,7851,0,C,-5,11710,0,C,4,9722,0,C,-1,9036,0,C,undefined,4178,2,B,undefined,9576,2,B,0,6799,2,B,-1,20323,2,B,1,6360,8,A,2,5798,8,A,0,10051,8,A,0,7450,8,A,-3,5315,7,D,0,8874,7,D,-1,5346,7,D,-1,6347,7,D,1,6649,0,C,-3,14267,2,B,-3,5963,8,A,3,3460,7,D,-3,3997,f,30,white,2,2,2,2
755873530,0,D,-3,9143,0,D,-3,8729,0,D,-4,4530,0,D,-4,8301,0,D,undefined,7290,5,A,-2,23647,5,A,-2,4194,5,A,-4,9224,5,A,-2,2925,3,C,-2,8398,3,C,-2,3124,3,C,-2,7505,3,C,-3,3794,4,B,-2,6035,4,B,-3,2891,4,B,-4,3055,4,B,-3,2244,0,D,-5,5540,5,A,-4,2860,3,C,-3,2165,4,B,-4,4036,f,20,White,11,3,2,3
172770978,4,C,-2,6180,4,C,-5,5728,4,C,3,5085,4,C,-3,4954,4,C,undefined,2717,6,B,-5,6477,6,B,-5,3147,6,B,4,3453,6,B,-5,4209,7,D,-1,6844,7,D,1,4392,7,D,2,3648,7,D,1,2461,2,A,3,4273,2,A,4,2249,2,A,-1,3523,2,A,-2,2225,4,C,5,6064,6,B,-4,2670,7,D,2,2022,2,A,4,2548,m,27,White,8,2,2,6
128007350,2,B,-3,13702,2,B,-1,7908,2,B,1,10035,2,B,3,7492,2,B,undefined,8134,5,D,-2,8764,5,D,-2,9652,5,D,-1,3791,5,D,1,4106,3,C,-4,9427,3,C,-3,4724,3,C,2,4567,3,C,-1,6705,8,A,3,5816,8,A,3,3938,8,A,-2,3577,8,A,2,5208,2,B,1,5591,5,D,-2,3443,3,C,-3,2149,8,A,1,6457,m,26,Hispanic,5,4,4,2
175870494,8,B,-4,11287,8,B,-3,13326,8,B,5,10428,8,B,-5,14208,8,B,undefined,5753,4,C,0,9179,4,C,-1,13559,4,C,5,11382,4,C,-5,7221,2,A,-1,10843,2,A,-3,7271,2,A,4,6263,2,A,-5,6203,3,D,-5,11271,3,D,-5,5649,3,D,5,6312,3,D,-5,6121,8,B,5,9653,4,C,1,12456,2,A,5,4181,3,D,4,6294,m,65,white,8,2,4,3
381578016,2,A,1,18046,2,A,-4,12976,2,A,-2,9988,2,A,0,15027,2,A,undefined,6504,7,D,2,10427,7,D,1,13733,7,D,-1,14808,7,D,0,6531,6,C,-1,43305,6,C,-4,17083,6,C,-2,8981,6,C,-2,13228,3,B,-1,13417,3,B,-2,5957,3,B,-4,20491,3,B,-2,5137,2,A,2,12888,7,D,1,6110,6,C,0,4065,3,B,undefined,3864,m,37,White,4,3,1,2
226458988,3,B,-2,20639,3,B,-3,7569,3,B,-2,7469,3,B,1,7513,3,B,undefined,35173,8,A,3,5272,8,A,2,7320,8,A,3,7571,8,A,1,5637,4,D,2,8921,4,D,1,16286,4,D,2,13061,4,D,1,4655,6,C,-1,9352,6,C,-3,6422,6,C,2,6250,6,C,-1,35234,3,B,2,6531,8,A,2,2734,4,D,2,2921,6,C,-1,3538,f,28,black,6,1,6,3
568777166,1,A,-2,9847,1,A,-3,6232,1,A,1,7527,1,A,-2,4528,1,A,undefined,5001,8,C,-2,3968,8,C,-2,3199,8,C,1,3735,8,C,-2,3831,0,D,-3,6497,0,D,-2,2607,0,D,2,3951,0,D,-2,1783,2,B,-2,6735,2,B,-2,2288,2,B,2,2607,2,B,-2,2447,1,A,2,3654,8,C,-2,4194,0,D,-3,1952,2,B,2,2200,m,45,white,7,3,6,2
383646767,6,B,-3,24686,6,B,-4,5544,6,B,3,7766,6,B,-2,5132,6,B,undefined,3515,5,D,1,11124,5,D,-1,7881,5,D,-1,15876,5,D,1,6330,7,A,1,8888,7,A,-2,7781,7,A,1,3400,7,A,0,2919,0,C,-3,9008,0,C,-4,4180,0,C,4,4693,0,C,-2,3633,6,B,2,6485,5,D,undefined,3928,7,A,1,2921,0,C,1,2849,f,56,Caucasian,11,5,4,2
197272610,0,B,-3,10576,0,B,-4,7980,0,B,5,10140,0,B,-5,7076,0,B,undefined,3203,6,A,-3,7111,6,A,-5,9128,6,A,5,6460,6,A,-5,4961,7,D,-2,7806,7,D,undefined,1286,7,D,3,10562,7,D,-1,7807,4,C,-1,8159,4,C,-1,4018,4,C,2,6404,4,C,-1,3870,0,B,-5,7155,6,A,-5,6630,7,D,-5,3531,4,C,-5,3490,f,27,WHITE,9,2,4,3
533948666,7,A,2,44127,7,A,2,16049,7,A,-2,18985,7,A,0,14150,7,A,undefined,7005,2,B,2,42943,2,B,2,7892,2,B,-2,9276,2,B,0,4771,8,C,-2,13079,8,C,1,14529,8,C,-1,6861,8,C,0,9193,6,D,1,18649,6,D,1,19352,6,D,-1,5954,6,D,0,9063,7,A,1,29524,2,B,2,9108,8,C,-1,11865,6,D,-1,7457,m,36,white,7,2,2,2
145543607,7,A,5,14836,7,A,-3,30745,7,A,5,6946,7,A,-5,16370,7,A,undefined,6954,3,B,-2,14472,3,B,-5,6292,3,B,5,7307,3,B,-5,5602,1,D,-3,10250,1,D,-3,7382,1,D,3,9938,1,D,-5,6712,2,C,1,10321,2,C,-3,10063,2,C,3,6827,2,C,-5,4785,7,A,3,6206,3,B,3,3265,1,D,3,3300,2,C,3,3253,f,32,White,0,3,2,2
200593234,5,D,1,4950,5,D,0,5113,5,D,-3,5613,5,D,undefined,8008,5,D,undefined,4261,7,B,3,6820,7,B,2,8554,7,B,-3,6249,7,B,4,8540,4,A,2,4988,4,A,2,5457,4,A,-2,6280,4,A,3,3393,6,C,1,5709,6,C,0,6360,6,C,-1,3477,6,C,3,3042,5,D,0,3360,7,B,0,6006,4,A,0,2080,6,C,0,2673,m,20,Asian,2,2,2,2
358361101,7,D,2,7078,7,D,2,4788,7,D,0,6822,7,D,0,7403,7,D,undefined,4042,1,B,2,24302,1,B,0,7850,1,B,0,3993,1,B,0,2743,0,A,-2,3572,0,A,-2,3164,0,A,3,5922,0,A,-3,9150,5,C,0,5147,5,C,0,2954,5,C,0,3993,5,C,0,3028,7,D,0,91195,1,B,0,3164,0,A,-3,5033,5,C,0,3696,f,41,white,6,3,2,4
142176728,7,C,-2,26555,7,C,-2,19700,7,C,-1,9900,7,C,3,10084,7,C,undefined,6329,2,B,-3,11163,2,B,-1,10392,2,B,-1,15194,2,B,3,7131,1,A,3,10342,1,A,2,9186,1,A,-2,14507,1,A,3,4874,3,D,-1,14588,3,D,-1,6132,3,D,-1,4780,3,D,2,6567,7,C,3,13697,2,B,1,7178,1,A,-3,7507,3,D,2,7295,m,52,white,2,1,2,6
919734251,1,B,-1,14581,1,B,-2,7190,1,B,-1,8755,1,B,-4,8361,1,B,undefined,3637,5,C,-3,15247,5,C,-3,7041,5,C,1,8482,5,C,-3,8089,6,A,-3,10419,6,A,-5,4909,6,A,4,7116,6,A,-5,6263,3,D,-1,9692,3,D,-4,4538,3,D,3,5396,3,D,-5,6460,1,B,3,14572,5,C,-5,3737,6,A,undefined,2854,3,D,-5,3847,f,32,Caucasian,3,1,4,6
907705716,0,D,-4,10815,0,D,-3,10782,0,D,4,10671,0,D,2,10238,0,D,undefined,4951,2,B,4,9574,2,B,5,11224,2,B,-1,5648,2,B,4,6359,1,A,3,5048,1,A,2,7270,1,A,-1,5119,1,A,2,4288,8,C,1,9784,8,C,-1,3765,8,C,1,9127,8,C,2,3478,0,D,5,4224,2,B,5,2575,1,A,5,3920,8,C,5,2689,f,23,white and hispanic,1,3,2,2
926716268,5,D,-4,19935,5,D,-5,9598,5,D,-3,6255,5,D,-4,6759,5,D,undefined,3519,7,A,2,9359,7,A,-2,8079,7,A,2,7215,7,A,-2,5080,6,C,-2,14656,6,C,-4,5542,6,C,2,4575,6,C,-3,5301,4,B,2,13018,4,B,-2,5415,4,B,1,4575,4,B,-3,4640,5,D,3,5136,7,A,2,3136,6,C,-2,3432,4,B,3,3095,f,60,white/European American,0,1,6,2
245015687,0,C,-1,8840,0,C,-3,6335,0,C,2,5936,0,C,-3,5921,0,C,undefined,4791,6,A,3,6080,6,A,-2,4216,6,A,1,4105,6,A,2,4550,7,D,4,7425,7,D,1,2422,7,D,1,5479,7,D,2,3392,5,B,4,10607,5,B,1,2736,5,B,3,2767,5,B,-3,2480,0,C,-2,5712,6,A,2,4527,7,D,4,2363,5,B,2,3540,f,19,Multiracial,10,4,2,1
957440570,7,C,2,22995,7,C,-1,13801,7,C,0,7095,7,C,-1,10692,7,C,undefined,5454,2,B,2,26949,2,B,-1,7495,2,B,0,5240,2,B,-1,4195,4,D,2,21103,4,D,-1,7331,4,D,0,5765,4,D,-1,2937,0,A,0,8512,0,A,-3,5241,0,A,-1,4784,0,A,-2,12950,7,C,-2,8830,2,B,-2,6124,4,D,-1,6383,0,A,-4,4724,m,35,white,3,2,1,4
220967767,8,D,-3,8388,8,D,-4,11304,8,D,5,8007,8,D,-5,5146,8,D,undefined,4793,1,C,3,7716,1,C,0,76437,1,C,5,8270,1,C,-5,3289,2,B,-3,8208,2,B,-4,4518,2,B,5,4740,2,B,-5,2993,7,A,1,4402,7,A,-4,5899,7,A,4,4317,7,A,-5,3670,8,D,2,7718,1,C,-2,4660,2,B,0,3236,7,A,1,3405,f,27,caucasion,4,4,3,3
654867084,8,C,2,14134,8,C,1,19113,8,C,-1,6137,8,C,-3,8045,8,C,undefined,6556,1,B,4,10958,1,B,3,5436,1,B,-4,8515,1,B,2,6737,5,D,3,16472,5,D,1,3928,5,D,-3,9513,5,D,2,5655,4,A,2,9586,4,A,-1,6934,4,A,1,6506,4,A,-2,9159,8,C,-3,9220,1,B,1,5631,5,D,-1,5034,4,A,-3,4196,f,38,White,10,1,6,3
911422875,7,B,5,6665,7,B,3,6406,7,B,-5,9319,7,B,-5,10103,7,B,undefined,3489,2,C,2,11000,2,C,1,4350,2,C,0,3856,2,C,-5,4311,8,D,-3,8575,8,D,-3,3496,8,D,0,5087,8,D,-5,3791,3,A,-2,6304,3,A,-2,3584,3,A,1,5606,3,A,-5,3800,7,B,5,4295,2,C,5,3840,8,D,5,2639,3,A,5,2503,m,18,Chinese,9,4,1,5
124392703,0,A,-5,7866,0,A,-5,9810,0,A,-2,6091,0,A,-4,9694,0,A,undefined,5054,5,D,3,17149,5,D,2,9110,5,D,-1,13379,5,D,-4,10578,1,B,2,7324,1,B,-1,6041,1,B,1,13846,1,B,-4,5222,4,C,4,8860,4,C,3,5857,4,C,-3,3972,4,C,-4,3352,0,A,5,4085,5,D,5,4990,1,B,5,8322,4,C,5,3272,f,38,WHITE,3,2,2,4
827708835,1,B,0,22418,1,B,0,23647,1,B,0,5891,1,B,0,8570,1,B,undefined,7243,3,A,0,9062,3,A,0,5394,3,A,0,3694,3,A,0,3338,6,C,0,7275,6,C,0,6401,6,C,0,6950,6,C,0,4563,5,D,0,4622,5,D,0,4298,5,D,0,2821,5,D,0,2980,1,B,5,8254,3,A,5,4562,6,C,0,6134,5,D,0,4532,f,,,,,0,4
830728892,8,B,-2,18635,8,B,-5,10395,8,B,2,9733,8,B,1,10651,8,B,undefined,3532,2,A,3,8618,2,A,1,8516,2,A,-1,8017,2,A,1,8284,4,D,1,15881,4,D,1,2969,4,D,1,3750,4,D,1,3157,3,C,-3,14024,3,C,-5,4186,3,C,-3,6534,3,C,-3,5085,8,B,undefined,43,2,A,5,8538,4,D,5,6198,3,C,5,4402,f,67,white,9,2,3,6
379390095,2,A,2,26496,2,A,3,13989,2,A,1,11662,2,A,0,12367,2,A,undefined,7605,6,D,-2,15593,6,D,-2,8854,6,D,3,5750,6,D,-4,7936,3,B,3,31766,3,B,4,5930,3,B,1,7094,3,B,0,7351,5,C,-3,14527,5,C,-4,7839,5,C,3,9600,5,C,-4,4455,2,A,-2,25246,6,D,2,5920,3,B,-3,3480,5,C,-3,3297,m,27,Black/Afro-american,9,4,2,3
581159703,4,D,3,17920,4,D,1,8367,4,D,2,4591,4,D,-5,6776,4,D,undefined,3200,1,B,3,21351,1,B,2,18192,1,B,2,5703,1,B,-5,3599,5,C,1,6615,5,C,-1,5935,5,C,3,7439,5,C,-5,2759,0,A,-2,8775,0,A,-5,15295,0,A,undefined,1503,0,A,-5,3192,4,D,5,7376,1,B,5,2664,5,C,5,2168,0,A,5,2624,f,36,white,7,3,4,5
120269363,6,D,-4,14977,6,D,-4,9233,6,D,4,5757,6,D,-4,4747,6,D,undefined,5056,7,C,2,5756,7,C,1,5122,7,C,2,6911,7,C,-1,4845,0,B,-4,7740,0,B,-4,4064,0,B,3,4666,0,B,-4,4243,5,A,1,6256,5,A,1,3148,5,A,-2,3431,5,A,-2,3564,6,D,-2,7772,7,C,-2,3657,0,B,2,3493,5,A,2,2472,f,55,white,10,2,4,6
880823010,0,A,2,9647,0,A,3,7040,0,A,-5,6463,0,A,3,6259,0,A,undefined,6649,3,B,3,8783,3,B,3,8053,3,B,-5,3945,3,B,3,5697,2,C,5,8294,2,C,3,3027,2,C,-5,36508,2,C,2,3041,4,D,3,6696,4,D,4,3262,4,D,-5,4599,4,D,3,3522,0,A,5,3200,3,B,5,4467,2,C,5,4356,4,D,5,2253,m,22,Black,0,1,1,4
931832678,7,A,3,13123,7,A,-2,12691,7,A,-1,16194,7,A,-1,6596,7,A,undefined,5133,3,C,-4,10874,3,C,-5,8467,3,C,5,14343,3,C,-5,12950,6,D,-2,11930,6,D,-5,10455,6,D,3,9070,6,D,-4,10998,2,B,1,9514,2,B,-1,6597,2,B,-2,9875,2,B,-2,9347,7,A,0,26831,3,C,0,7331,6,D,0,2983,2,B,-1,5539,f,38,latin,3,5,4,7
610480858,2,D,4,8176,2,D,3,7455,2,D,-4,5488,2,D,4,6384,2,D,undefined,13666,5,B,-2,6919,5,B,-2,3680,5,B,2,4864,5,B,3,26408,3,C,4,18094,3,C,4,7223,3,C,-4,3392,3,C,4,4320,8,A,-1,4064,8,A,1,3207,8,A,1,18127,8,A,3,9152,2,D,3,24735,5,B,-3,2880,3,C,4,3553,8,A,-1,2272,m,30,white,1,1,4,5
285479167,8,C,-1,17983,8,C,-1,14374,8,C,-1,5944,8,C,0,11039,8,C,undefined,6896,6,A,1,8550,6,A,1,6032,6,A,0,5731,6,A,0,3260,5,B,1,14850,5,B,1,3652,5,B,0,7560,5,B,0,4276,4,D,2,13115,4,D,2,8873,4,D,0,8017,4,D,0,5588,8,C,4,10221,6,A,4,5576,5,B,4,7661,4,D,4,4132,m,24,white,3,3,1,4
158181095,4,A,-1,21140,4,A,-2,5787,4,A,4,10610,4,A,-4,8869,4,A,undefined,5599,7,D,-1,23249,7,D,-2,5205,7,D,2,7600,7,D,2,6505,3,C,-3,12861,3,C,-5,6552,3,C,3,6463,3,C,-4,8001,2,B,0,7623,2,B,1,7264,2,B,1,8087,2,B,0,8383,4,A,-3,7432,7,D,-3,9967,3,C,-3,3527,2,B,3,6913,f,44,White,2,3,0,4
651289367,6,D,-2,16183,6,D,-5,12308,6,D,3,20867,6,D,-3,28465,6,D,undefined,6077,3,C,-2,10515,3,C,-4,9856,3,C,4,9914,3,C,-3,8397,8,B,-2,9661,8,B,-1,13663,8,B,-2,22741,8,B,undefined,4255,7,A,2,6214,7,A,3,8602,7,A,2,7651,7,A,2,6283,6,D,0,8060,3,C,-4,6681,8,B,2,6312,7,A,4,4966,f,47,biracial  white/black,6,2,3,2
482318989,7,B,-4,5222,7,B,-3,75960,7,B,3,6943,7,B,-1,16892,7,B,undefined,4191,3,A,-4,5677,3,A,-4,5821,3,A,4,4314,3,A,-3,4240,2,D,-2,4344,2,D,-3,3350,2,D,2,3219,2,D,-2,9351,8,C,-4,4921,8,C,-3,2825,8,C,3,3420,8,C,-3,4574,7,B,3,4425,3,A,4,3007,2,D,4,2126,8,C,-4,3351,f,35,White,1,2,2,2
163228322,3,A,-3,32274,3,A,-5,9887,3,A,4,9182,3,A,-4,5736,3,A,undefined,3412,7,C,-2,23722,7,C,-1,9129,7,C,2,4731,7,C,-3,6505,4,B,-3,11516,4,B,-3,4653,4,B,3,5231,4,B,-3,5442,8,D,-1,7378,8,D,1,5796,8,D,2,6081,8,D,-3,5242,3,A,5,8390,7,C,3,7570,4,B,5,4368,8,D,-1,2901,f,38,white,10,3,4,4
739792418,2,A,3,13139,2,A,1,14775,2,A,0,12406,2,A,3,8183,2,A,undefined,4282,6,B,-1,16117,6,B,-3,11128,6,B,1,6252,6,B,1,8004,0,C,1,13853,0,C,-3,8338,0,C,-1,5213,0,C,1,4921,4,D,2,12178,4,D,-3,5191,4,D,0,10578,4,D,2,5951,2,A,4,8515,6,B,1,4632,0,C,1,3355,4,D,3,4518,m,44,White,0,1,2,2
245547307,7,D,-1,37674,7,D,1,22319,7,D,0,8943,7,D,2,10008,7,D,undefined,3812,3,A,-4,9214,3,A,-5,7017,3,A,4,7589,3,A,-5,7229,2,B,3,12827,2,B,1,7060,2,B,-1,7594,2,B,1,4853,5,C,-3,16360,5,C,-3,4769,5,C,3,6808,5,C,-3,7847,7,D,2,17450,3,A,-5,6635,2,B,1,5502,5,C,-2,4170,f,51,White,4,4,4,4
378567928,4,D,2,4866,4,D,1,1988,4,D,-1,2254,4,D,2,1697,4,D,0,1804,1,C,1,1691,1,C,-1,2533,1,C,-2,3551,1,C,2,6641,0,A,-2,4889,0,A,0,1761,0,A,-1,2197,0,A,0,2799,8,B,-1,2203,8,B,-1,8518,8,B,-1,1826,8,B,-2,1721,4,D,-1,1764,1,C,-1,1723,0,A,-2,2917,8,B,-1,7399,f,30,white,6,2,2,5
440751520,4,B,1,10142,4,B,2,7277,4,B,1,12828,4,B,-1,7288,4,B,undefined,6206,2,D,3,6354,2,D,2,7881,2,D,-1,6845,2,D,-1,4823,7,A,1,5284,7,A,1,4600,7,A,-1,6697,7,A,-1,5124,5,C,-2,5079,5,C,undefined,3841,5,C,2,11181,5,C,-2,5857,4,B,0,4804,2,D,0,3545,7,A,1,4642,5,C,-1,4215,m,30,latino,7,3,3,4
894250228,2,B,0,27192,2,B,-3,18501,2,B,5,9055,2,B,0,7743,2,B,undefined,5945,6,A,-2,19205,6,A,-4,9551,6,A,5,7071,6,A,-5,7791,7,C,4,22095,7,C,2,8639,7,C,3,11063,7,C,2,9455,0,D,-5,8103,0,D,-5,6615,0,D,5,6742,0,D,-5,5039,2,B,5,7535,6,A,5,6575,7,C,5,4991,0,D,0,13806,f,55,White,5,4,1,6
281820462,6,C,-4,17136,6,C,-4,8945,6,C,4,7903,6,C,-1,11729,6,C,undefined,7537,1,D,4,14913,1,D,5,6193,1,D,-4,6792,1,D,4,4616,5,A,-2,8992,5,A,-3,5769,5,A,3,9800,5,A,0,7288,0,B,-3,11738,0,B,-3,4752,0,B,3,9962,0,B,-1,11544,6,C,-5,6817,1,D,4,3505,5,A,-2,4824,0,B,-3,3759,m,31,White,5,3,4,5
162178724,5,B,-3,36678,5,B,-3,14948,5,B,2,17750,5,B,-2,8170,5,B,undefined,7585,7,D,3,39130,7,D,0,21929,7,D,2,15787,7,D,-1,15693,1,A,-1,18762,1,A,-1,8560,1,A,2,10529,1,A,-1,6474,2,C,2,38756,2,C,-1,10474,2,C,1,13866,2,C,0,14395,5,B,1,13323,7,D,1,5030,1,A,-1,8564,2,C,1,9834,f,35,White,7,4,4,6
406824961,7,B,4,9616,7,B,0,9062,7,B,5,7320,7,B,5,6067,7,B,undefined,6798,4,A,0,6966,4,A,-1,4718,4,A,-2,3069,4,A,2,6348,5,D,-5,6733,5,D,-5,4332,5,D,5,4286,5,D,5,5582,8,C,-4,7399,8,C,-5,4701,8,C,5,4883,8,C,-5,6228,7,B,5,6682,4,A,5,5672,5,D,5,3815,8,C,5,4203,f,45,Afro American,4,5,6,4
195749425,2,C,0,5762,2,C,-1,2670,2,C,1,3096,2,C,-2,2569,2,C,undefined,4631,8,B,2,3016,8,B,1,4778,8,B,0,5760,8,B,3,4560,3,D,-3,6232,3,D,-5,4704,3,D,3,6328,3,D,-5,3656,7,A,4,4568,7,A,5,4225,7,A,-5,6009,7,A,4,4806,2,C,-3,4385,8,B,-5,2624,3,D,-5,2977,7,A,2,3688,m,31,African American,9,2,4,2
627058777,3,D,-2,4909,3,D,-4,6179,3,D,-3,3255,3,D,-2,5745,3,D,undefined,2994,6,B,-2,4290,6,B,-3,3263,6,B,3,3308,6,B,-2,2990,7,C,3,4058,7,C,1,2650,7,C,-1,2182,7,C,0,3019,2,A,3,2817,2,A,2,1901,2,A,-2,3265,2,A,1,1856,3,D,3,11455,6,B,3,7984,7,C,2,2825,2,A,4,3030,f,31,white,6,1,5,5
918775758,5,B,-3,6439,5,B,0,5046,5,B,0,3953,5,B,0,10918,5,B,undefined,5186,4,C,-1,7470,4,C,0,4376,4,C,0,4120,4,C,-1,3481,6,D,-1,5543,6,D,-1,5337,6,D,-1,2112,6,D,-1,2687,1,A,0,3409,1,A,0,1872,1,A,0,2630,1,A,0,2704,5,B,-2,4952,4,C,0,2592,6,D,0,2448,1,A,-3,3692,m,33,Hispanic,3,1,4,4
677610970,5,D,-3,7575,5,D,-3,8902,5,D,0,5743,5,D,-5,4496,5,D,undefined,2719,8,C,-3,6672,8,C,-3,2279,8,C,0,2184,8,C,-5,3367,7,A,-1,3951,7,A,-1,2104,7,A,0,1630,7,A,-5,5511,1,B,1,5030,1,B,1,2583,1,B,0,1600,1,B,-5,5183,5,D,-5,3663,8,C,-5,2183,7,A,-5,2015,1,B,1,4471,m,23,white,5,4,4,3
701267435,1,D,2,15057,1,D,0,10110,1,D,1,9039,1,D,-3,5382,1,D,undefined,3903,5,A,-3,11942,5,A,-3,5280,5,A,3,4648,5,A,-5,4600,0,C,-4,6111,0,C,-4,4183,0,C,4,4416,0,C,-5,5128,4,B,2,9175,4,B,2,5450,4,B,0,3950,4,B,-1,3913,1,D,-2,6607,5,A,-2,4800,0,C,-4,3199,4,B,0,3321,f,52,Caucasian,9,3,3,4
491224313,5,D,-2,10705,5,D,-3,6831,5,D,2,5487,5,D,1,5231,5,D,undefined,3792,7,A,4,5016,7,A,3,3328,7,A,-3,3815,7,A,4,2983,3,B,2,6991,3,B,3,3679,3,B,-1,6759,3,B,2,3607,8,C,0,5584,8,C,1,2368,8,C,-1,2399,8,C,2,3375,5,D,1,9935,7,A,3,2559,3,B,2,2640,8,C,-1,2296,m,23,White,3,2,4,3
863338083,4,D,-1,13309,4,D,-5,7811,4,D,0,5827,4,D,-3,7840,4,D,undefined,4885,5,A,-4,10134,5,A,-4,5549,5,A,-2,4554,5,A,-5,4533,1,B,-2,11601,1,B,-5,2547,1,B,0,5162,1,B,-3,2785,0,C,-3,13291,0,C,-5,2512,0,C,-2,2592,0,C,-5,4901,4,D,2,8921,5,A,0,8671,1,B,2,2675,0,C,-5,4362,m,34,white,0,1,6,1
940282463,5,A,-3,10151,5,A,-1,11175,5,A,2,5119,5,A,1,5648,5,A,undefined,8424,7,C,-1,10520,7,C,-1,5479,7,C,2,6416,7,C,1,3664,1,D,-3,16712,1,D,-1,3960,1,D,1,7328,1,D,1,5377,6,B,-2,20439,6,B,-1,5624,6,B,2,5048,6,B,1,3392,5,A,1,6528,7,C,1,3248,1,D,1,3112,6,B,2,2695,f,31,Irish,2,7,6,4
892855113,7,D,3,8916,7,D,2,9266,7,D,-1,12869,7,D,2,7147,7,D,undefined,3968,2,B,2,8932,2,B,2,4519,2,B,-1,4615,2,B,1,4632,1,C,0,7766,1,C,0,3221,1,C,1,5197,1,C,0,4305,0,A,0,6162,0,A,0,3152,0,A,-1,5468,0,A,0,5395,7,D,3,6535,2,B,3,2633,1,C,-3,4551,0,A,3,4678,f,34,Caucasian,9,3,1,6
957441305,2,B,-2,5784,2,B,2,13844,2,B,4,78830,2,B,0,28335,2,B,undefined,1847,5,D,-3,5814,5,D,0,2480,5,D,4,4311,5,D,0,2359,0,C,-4,4454,0,C,0,2935,0,C,4,3016,0,C,0,1966,3,A,-4,2942,3,A,0,1543,3,A,4,3140,3,A,0,2127,2,B,1,3575,5,D,-3,2816,0,C,-4,2334,3,A,0,2800,f,31,ASIAN,5,1,4,2
518385971,2,B,-2,6554,2,B,-2,6624,2,B,2,5726,2,B,-4,11292,2,B,undefined,5315,1,A,3,3620,1,A,2,3703,1,A,-3,5338,1,A,2,6600,8,C,-3,5353,8,C,-3,13083,8,C,-3,13684,8,C,-3,2567,7,D,3,9957,7,D,2,3457,7,D,-2,7737,7,D,1,3175,2,B,5,6442,1,A,5,3598,8,C,-5,2159,7,D,-5,6513,m,31,White,5,1,6,3
709277746,3,C,-1,5410,3,C,0,5092,3,C,0,4426,3,C,-5,4498,3,C,undefined,1787,2,B,0,5027,2,B,0,2168,2,B,-1,3788,2,B,-5,3674,0,A,0,4864,0,A,0,2392,0,A,-1,1838,0,A,-5,1803,1,D,1,3537,1,D,1,1764,1,D,1,2768,1,D,-5,2508,3,C,-4,8964,2,B,2,4389,0,A,5,6084,1,D,-5,2601,m,35,Caucasian,5,1,4,1
440830666,8,D,-3,18351,8,D,4,17305,8,D,2,8136,8,D,-5,9016,8,D,undefined,4269,1,B,0,10193,1,B,1,9537,1,B,2,5419,1,B,-5,4842,2,A,3,8779,2,A,3,6814,2,A,0,5308,2,A,-5,4067,3,C,-1,10261,3,C,-2,6555,3,C,3,5879,3,C,-5,4185,8,D,0,5734,1,B,1,3193,2,A,2,5201,3,C,0,6120,f,19,Hispanic,8,3,2,3
541576083,3,C,1,15511,3,C,0,7584,3,C,-1,5079,3,C,-2,10243,3,C,undefined,7016,2,A,3,7186,2,A,3,5592,2,A,2,11482,2,A,1,4392,8,B,2,10873,8,B,1,4600,8,B,0,3730,8,B,0,5952,4,D,3,7184,4,D,2,3856,4,D,2,6618,4,D,1,2728,3,C,3,6295,2,A,3,4729,8,B,3,2082,4,D,3,4008,m,38,white,5,2,4,4
259016365,1,B,-1,9287,1,B,1,46657,1,B,0,5795,1,B,-1,9186,1,B,undefined,5036,3,A,2,5268,3,A,0,3309,3,A,1,5049,3,A,0,5655,5,D,1,12302,5,D,0,4262,5,D,1,6852,5,D,0,4140,7,C,3,4182,7,C,1,3308,7,C,0,2730,7,C,1,5282,1,B,-1,4419,3,A,-1,2306,5,D,-1,1892,7,C,3,2657,f,28,white,3,4,2,6
364766024,3,D,0,13307,3,D,-1,6508,3,D,3,6646,3,D,2,14262,3,D,undefined,2189,8,C,5,6430,8,C,2,5502,8,C,2,5849,8,C,3,4613,4,B,-2,48321,4,B,-3,5697,4,B,2,4137,4,B,3,4042,6,A,2,3897,6,A,1,3724,6,A,1,8453,6,A,3,4629,3,D,-4,5013,8,C,-3,2835,4,B,-3,3341,6,A,1,2983,m,20,Black/African American,4,4,2,5
280676583,4,B,-3,13799,4,B,-2,15630,4,B,2,11584,4,B,-2,10007,4,B,undefined,4576,7,D,1,17839,7,D,2,4895,7,D,-2,11432,7,D,2,5312,5,C,-2,9031,5,C,-4,8335,5,C,3,10727,5,C,-1,7560,2,A,2,9319,2,A,2,3848,2,A,0,11752,2,A,3,5903,4,B,2,6416,7,D,3,4672,5,C,-2,6966,2,A,2,3760,m,53,Caucasian,3,2,2,2
156402597,7,B,-1,8310,7,B,0,9353,7,B,-1,5682,7,B,-2,6167,7,B,undefined,6097,2,A,-2,5265,2,A,-2,2080,2,A,-2,1448,2,A,-3,2783,5,D,-4,5679,5,D,-3,1760,5,D,-4,2134,5,D,-4,3208,1,C,1,3013,1,C,0,1573,1,C,1,1088,1,C,0,2048,7,B,4,4139,2,A,5,1975,5,D,-4,2256,1,C,-3,1910,m,33,White,4,3,6,2
334499591,1,B,2,4654,1,B,2,5651,1,B,-1,8363,1,B,1,4370,1,B,undefined,2063,6,A,-4,3340,6,A,-2,4719,6,A,3,2835,6,A,-2,2017,8,D,0,3685,8,D,2,3245,8,D,-1,2761,8,D,-1,3210,2,C,-2,3207,2,C,-3,2230,2,C,3,6557,2,C,-2,2346,1,B,2,7683,6,A,5,4708,8,D,-5,2330,2,C,-5,1772,m,22,White,3,2,4,2
518326180,6,A,-4,7523,6,A,undefined,11702,6,A,-4,2600,6,A,undefined,407,6,A,undefined,3976,2,D,1,10520,2,D,1,8240,2,D,-2,10287,2,D,0,9268,7,B,4,7582,7,B,3,6615,7,B,-3,7697,7,B,1,9766,1,C,-2,10824,1,C,-3,3807,1,C,3,4655,1,C,-4,5316,6,A,5,6199,2,D,1,4888,7,B,3,2968,1,C,5,3047,m,27,white,7,2,4,3
467084771,8,B,2,5893,8,B,1,11302,8,B,2,10519,8,B,0,13925,8,B,undefined,3471,3,A,2,7991,3,A,1,4046,3,A,2,5407,3,A,1,2943,7,C,3,5639,7,C,3,2895,7,C,-2,6574,7,C,2,4406,4,D,4,4920,4,D,3,4240,4,D,-1,7861,4,D,2,3768,8,B,4,4439,3,A,3,3278,7,C,-1,2360,4,D,-1,1384,m,30,White,7,2,4,2
592957040,7,D,3,29732,7,D,-3,10463,7,D,-1,6368,7,D,2,6876,7,D,undefined,4850,0,B,-5,10304,0,B,-5,6178,0,B,5,7048,0,B,-5,6167,3,C,-5,20683,3,C,-5,4628,3,C,-5,3974,3,C,-5,6723,4,A,1,8391,4,A,-4,4629,4,A,-3,6319,4,A,-1,6313,7,D,1,8242,0,B,3,5668,3,C,1,5269,4,A,4,3641,f,55,white,1,2,6,3
234343985,4,B,3,8456,4,B,-3,13923,4,B,1,5072,4,B,-4,6609,4,B,undefined,3478,7,A,2,7034,7,A,1,4237,7,A,1,4484,7,A,-2,3716,6,C,2,28602,6,C,-2,4146,6,C,2,3202,6,C,-3,3772,0,D,-4,10036,0,D,-3,2916,0,D,3,4029,0,D,-2,4006,4,B,5,5843,7,A,5,2572,6,C,-1,3492,0,D,-1,1996,f,31,white,0,3,4,4
506598032,5,C,-2,8892,5,C,-1,9753,5,C,2,7706,5,C,-2,8256,5,C,undefined,6441,1,D,1,10871,1,D,0,27021,1,D,-1,6304,1,D,-1,7019,6,B,-3,12221,6,B,-2,8290,6,B,-2,7230,6,B,-3,6001,7,A,-2,4403,7,A,-2,7913,7,A,-3,5978,7,A,-2,7553,5,C,-4,7265,1,D,-4,3718,6,B,-3,4257,7,A,-3,4765,f,28,white/Caucasian ,5,5,4,3
306863475,2,C,0,6206,2,C,-5,5989,2,C,5,5358,2,C,0,5336,2,C,undefined,5064,8,A,-5,4807,8,A,-5,3384,8,A,5,6271,8,A,0,4087,1,D,-5,4887,1,D,-5,4095,1,D,5,3919,1,D,-5,3119,3,B,-5,3503,3,B,-5,3200,3,B,5,3159,3,B,0,3016,2,C,0,5511,8,A,1,2526,1,D,0,2520,3,B,1,2248,f,33,white,0,5,1,4
284295449,0,A,-2,11587,0,A,-2,294673,0,A,3,10372,0,A,-3,14938,0,A,undefined,5204,6,C,-1,10779,6,C,-1,18660,6,C,-1,6851,6,C,-2,8175,3,B,-1,11378,3,B,-2,7158,3,B,-2,6701,3,B,-2,5731,4,D,-1,4345,4,D,-2,4738,4,D,2,6629,4,D,-2,6664,0,A,-2,8144,6,C,-1,7250,3,B,0,3852,4,D,0,5071,f,54,BLACK,7,6,4,6
495774014,5,A,1,10834,5,A,-4,14681,5,A,0,8518,5,A,0,14332,5,A,undefined,5585,3,D,1,12051,3,D,-4,7797,3,D,0,5466,3,D,0,3035,1,C,2,7050,1,C,-4,5162,1,C,0,7137,1,C,0,5612,6,B,-1,9870,6,B,-4,5851,6,B,0,5881,6,B,0,3618,5,A,1,5283,3,D,-3,8065,1,C,-1,4003,6,B,1,2976,f,31,CAUSASIAN,,,4,4
428114250,0,A,-5,3352,0,A,-5,4452,0,A,5,4052,0,A,-5,3664,0,A,undefined,16748,8,D,1,3517,8,D,1,2250,8,D,-1,3744,8,D,0,3396,6,C,-2,5408,6,C,-5,4616,6,C,-3,2947,6,C,-3,2964,3,B,2,8228,3,B,2,2284,3,B,-2,5151,3,B,1,2899,0,A,-5,15740,8,D,-5,1932,6,C,-5,2392,3,B,-5,2228,m,24,White,2,2,1,4
618810213,3,C,2,15070,3,C,-1,12598,3,C,2,6550,3,C,1,6319,3,C,undefined,3991,7,D,2,6871,7,D,-1,6967,7,D,1,5775,7,D,1,2591,1,A,2,5383,1,A,-1,5967,1,A,1,2847,1,A,1,3087,6,B,1,7647,6,B,-1,4664,6,B,1,3046,6,B,1,2687,3,C,3,11863,7,D,3,3199,1,A,3,4263,6,B,3,2815,f,56,white,10,3,6,4
151976917,8,D,-2,7497,8,D,-1,11358,8,D,2,9745,8,D,-2,10251,8,D,undefined,726,5,B,-2,12192,5,B,-3,4810,5,B,2,6647,5,B,undefined,1142,1,C,2,7819,1,C,2,2312,1,C,-2,2094,1,C,1,4054,4,A,0,5351,4,A,1,4445,4,A,1,4686,4,A,-1,4859,8,D,5,5764,5,B,5,2639,1,C,5,2865,4,A,5,2072,f,29,White,7,1,6,2
196282482,0,B,-3,17191,0,B,-3,6287,0,B,4,6703,0,B,-5,10079,0,B,undefined,16271,3,C,-2,10391,3,C,-2,4048,3,C,2,7241,3,C,-2,4319,5,D,-2,10127,5,D,-2,2719,5,D,2,4425,5,D,-1,6038,4,A,-1,9079,4,A,-1,2344,4,A,2,6120,4,A,1,7183,0,B,-5,8504,3,C,-3,5280,5,D,-4,4080,4,A,-2,8159,m,28,Hispanic,7,2,1,1
218644877,7,D,2,9873,7,D,-1,7482,7,D,2,23424,7,D,-3,11876,7,D,undefined,35667,5,A,-3,7291,5,A,-3,8215,5,A,2,6122,5,A,-3,7778,3,B,-2,8565,3,B,-3,5065,3,B,2,33683,3,B,-3,6875,6,C,-2,7265,6,C,-3,5270,6,C,3,10372,6,C,-3,3868,7,D,2,9706,5,A,2,3877,3,B,2,3615,6,C,-4,3290,f,30,White,6,4,1,5
492401739,1,D,4,14223,1,D,0,11726,1,D,-1,12160,1,D,3,7487,1,D,undefined,3879,5,A,0,12735,5,A,-4,5079,5,A,2,9927,5,A,3,3975,4,C,-3,9176,4,C,-3,7846,4,C,2,10176,4,C,2,4010,8,B,-3,10226,8,B,-3,4425,8,B,4,6408,8,B,-1,5865,1,D,1,4903,5,A,-3,2775,4,C,-4,3199,8,B,-5,3038,m,66,white,3,2,5,3
875591046,7,D,-2,20350,7,D,2,15632,7,D,-1,21810,7,D,2,15561,7,D,undefined,6426,3,A,-2,18818,3,A,0,14394,3,A,1,7709,3,A,0,6748,2,B,3,21180,2,B,3,7800,2,B,2,8312,2,B,3,5132,4,C,-1,12138,4,C,-1,10968,4,C,-3,8708,4,C,-2,3910,7,D,4,19538,3,A,3,13976,2,B,3,4776,4,C,3,5365,m,35,black,2,1,1,4
975322257,8,D,3,5848,8,D,3,7215,8,D,-2,5009,8,D,2,4424,8,D,undefined,4399,5,B,0,81708,5,B,-1,4024,5,B,1,6767,5,B,0,3717,7,C,3,4207,7,C,3,4335,7,C,-1,8393,7,C,2,5375,4,A,2,6776,4,A,1,9096,4,A,0,4658,4,A,0,4213,8,D,0,5848,5,B,1,4175,7,C,3,3916,4,A,2,1823,m,38,caucasian,7,4,3,5
552025556,4,B,-1,14838,4,B,0,9790,4,B,2,14678,4,B,-4,10731,4,B,undefined,9658,0,A,0,6777,0,A,-3,6829,0,A,4,10356,0,A,-5,5106,3,D,1,21944,3,D,1,6972,3,D,0,5922,3,D,-2,7267,2,C,4,10955,2,C,2,6296,2,C,-1,5800,2,C,3,5115,4,B,2,7731,0,A,2,3024,3,D,2,2927,2,C,2,2145,f,31,white,7,2,2,4
404129573,1,B,1,9644,1,B,2,7503,1,B,1,5333,1,B,-2,6532,1,B,undefined,3594,8,A,2,7820,8,A,2,3373,8,A,1,3417,8,A,-1,2969,4,C,2,8843,4,C,2,1757,4,C,1,3024,4,C,-1,1288,7,D,1,7520,7,D,2,2701,7,D,1,2609,7,D,1,2291,1,B,0,4701,8,A,0,2735,4,C,0,1703,7,D,0,1530,m,34,White,8,2,3,5
643952463,4,C,3,6209,4,C,3,3992,4,C,3,15655,4,C,3,19039,4,C,2,2335,7,A,3,45613,7,A,3,4392,7,A,-3,4080,7,A,-3,2912,8,D,3,2216,8,D,3,2184,8,D,-2,2224,8,D,undefined,2568,5,B,2,2855,5,B,2,1361,5,B,-2,1800,5,B,3,3183,4,C,4,2705,7,A,3,1591,8,D,3,2400,5,B,undefined,1888,m,26,White,1,4,1,4
135125798,8,B,-2,14042,8,B,-2,12838,8,B,2,6272,8,B,2,9281,8,B,undefined,2975,6,C,3,17174,6,C,-2,5833,6,C,3,7037,6,C,2,3967,7,D,4,6728,7,D,-2,12729,7,D,1,8842,7,D,3,4901,3,A,3,7731,3,A,1,6216,3,A,2,6563,3,A,3,5455,8,B,-3,5105,6,C,3,8024,7,D,3,3519,3,A,-3,4877,f,22,White,3,3,2,6
601196262,1,C,2,8294,1,C,-3,7348,1,C,3,4860,1,C,-5,4786,1,C,undefined,9357,0,B,-5,6275,0,B,-5,6061,0,B,-5,2573,0,B,-5,2999,4,A,3,6192,4,A,4,4064,4,A,2,3557,4,A,4,4809,2,D,2,4858,2,D,3,4649,2,D,-2,28654,2,D,1,3650,1,C,-5,6368,0,B,-5,2617,4,A,-2,3719,2,D,2,4442,m,25,Asian,4,1,5,6
718902297,6,A,-4,4319,6,A,-4,7399,6,A,0,3602,6,A,-5,5386,6,A,undefined,2303,3,D,-5,4294,3,D,-5,2017,3,D,-5,1967,3,D,-5,2199,1,C,5,3718,1,C,5,2232,1,C,undefined,4431,1,C,1,5151,4,B,-3,4800,4,B,-2,2419,4,B,3,4684,4,B,-2,2947,6,A,4,4000,3,D,1,3602,1,C,1,1916,4,B,4,1800,f,28,white,3,2,2,2
969824789,4,D,3,22935,4,D,-3,20799,4,D,2,9608,4,D,-4,11840,4,D,undefined,7991,5,C,4,14896,5,C,2,9768,5,C,-3,9784,5,C,1,7695,8,B,-3,13175,8,B,-4,12776,8,B,5,12247,8,B,-5,6016,3,A,-3,20896,3,A,-5,6976,3,A,4,5760,3,A,-5,5871,4,D,3,18057,5,C,1,10447,8,B,-5,5576,3,A,-4,8815,f,67,White,9,2,6,2
899187333,2,C,2,20504,2,C,-1,24573,2,C,0,8159,2,C,1,9974,2,C,undefined,5929,0,A,-2,11465,0,A,-3,5821,0,A,3,9047,0,A,-4,7054,6,D,-1,13088,6,D,-1,5455,6,D,-3,4671,6,D,-4,8928,3,B,-2,11525,3,B,-2,3936,3,B,2,7509,3,B,-4,5248,2,C,undefined,1847,0,A,4,10130,6,D,-5,4078,3,B,3,3879,f,51,white,10,6,3,5
846380518,7,D,-2,12573,7,D,-2,14138,7,D,4,9917,7,D,1,8975,7,D,undefined,4774,3,B,-3,8694,3,B,-5,4294,3,B,4,7722,3,B,-4,7051,0,A,-3,7271,0,A,-3,3168,0,A,5,5424,0,A,-5,3916,5,C,2,3886,5,C,3,3530,5,C,-2,3731,5,C,2,6047,7,D,3,5703,3,B,-3,3539,0,A,-5,2925,5,C,4,5050,m,25,white,0,2,0,1
480833372,0,D,2,11281,0,D,-2,9974,0,D,-1,9525,0,D,1,5889,0,D,undefined,4770,1,C,2,7956,1,C,-1,4297,1,C,-2,7132,1,C,1,3500,6,A,2,4044,6,A,-2,5395,6,A,-2,7679,6,A,2,5899,3,B,4,5490,3,B,3,3632,3,B,-1,3725,3,B,2,4225,0,D,-1,5286,1,C,-1,2312,6,A,-1,1633,3,B,-1,1632,f,31,White/European-American,4,3,4,2
738863071,5,B,3,2315,5,B,3,2077,5,B,3,2122,5,B,3,2575,5,B,undefined,5637,2,A,3,3133,2,A,2,2361,2,A,4,2637,2,A,3,2884,3,C,3,2224,3,C,3,2550,3,C,3,4685,3,C,3,2445,4,D,3,2302,4,D,4,2564,4,D,3,3462,4,D,4,2819,5,B,3,2079,2,A,3,2265,3,C,4,2415,4,D,3,3219,m,32,Indian,7,3,4,6
331695452,6,C,-2,7203,6,C,-1,5486,6,C,3,5927,6,C,1,5243,6,C,undefined,5213,4,D,3,6918,4,D,1,8973,4,D,2,6534,4,D,3,6429,7,A,2,7150,7,A,2,2734,7,A,2,3269,7,A,2,3698,3,B,-1,9014,3,B,-2,3867,3,B,2,5383,3,B,0,3494,6,C,1,6034,4,D,3,3296,7,A,3,2967,3,B,-1,2755,f,30,white,7,3,4,2
311797751,0,A,-4,5927,0,A,undefined,2710,0,A,3,4009,0,A,-4,6958,0,A,undefined,2455,2,C,1,8631,2,C,-1,3600,2,C,2,3935,2,C,-1,4415,4,B,-3,4346,4,B,-3,6869,4,B,3,3344,4,B,-3,4951,7,D,1,4904,7,D,-1,2366,7,D,1,1734,7,D,-1,3393,0,A,3,3624,2,C,3,1975,4,B,3,1384,7,D,3,1742,m,26,European American,4,1,4,7
145961857,1,A,3,7736,1,A,0,15708,1,A,1,7059,1,A,3,6600,1,A,undefined,4374,4,D,-3,7901,4,D,-5,4443,4,D,3,5552,4,D,-1,5615,0,C,-5,3678,0,C,-5,2724,0,C,5,3106,0,C,-5,3975,2,B,-3,4568,2,B,-5,6996,2,B,2,3675,2,B,-2,4250,1,A,5,4600,4,D,2,2750,0,C,-5,2152,2,B,-5,2367,f,28,White,2,2,2,2
798040513,1,B,-3,29206,1,B,0,17929,1,B,2,15070,1,B,-1,14374,1,B,undefined,4362,5,C,-1,18719,5,C,0,9662,5,C,2,14286,5,C,-1,5794,7,D,4,16140,7,D,3,7280,7,D,0,9457,7,D,1,6167,6,A,-2,9969,6,A,-1,11916,6,A,1,8986,6,A,-1,6100,1,B,5,13404,5,C,5,3913,7,D,5,4075,6,A,5,3437,m,43,white,6,1,6,2
477292163,6,C,-3,10251,6,C,-4,7984,6,C,-3,7771,6,C,0,5040,6,C,undefined,4422,0,D,-4,9741,0,D,-5,4764,0,D,-4,3548,0,D,-5,4048,4,A,1,8664,4,A,0,2434,4,A,1,8295,4,A,1,10030,8,B,3,4185,8,B,2,6120,8,B,-3,4290,8,B,2,4145,6,C,-3,6743,0,D,-4,3048,4,A,3,5134,8,B,2,2366,m,23,Caucasian ,0,4,1,3
102017209,0,C,0,7606,0,C,-3,6643,0,C,3,7944,0,C,-4,28481,0,C,undefined,4125,7,D,4,4991,7,D,4,4911,7,D,2,3600,7,D,2,2056,8,B,0,5415,8,B,0,1843,8,B,0,1490,8,B,0,1917,2,A,2,3662,2,A,2,1326,2,A,2,1221,2,A,2,1356,0,C,-1,5535,7,D,undefined,3147,8,B,2,2732,2,A,2,1874,f,35,white,1,5,3,7
887665186,8,A,2,6270,8,A,0,8781,8,A,1,4536,8,A,0,10355,8,A,undefined,3402,2,D,4,6289,2,D,3,4979,2,D,2,4093,2,D,2,4374,6,B,-1,8726,6,B,-3,3011,6,B,-3,4367,6,B,-4,5794,5,C,1,6677,5,C,-1,5460,5,C,-2,3538,5,C,-3,3823,8,A,5,5212,2,D,5,2743,6,B,5,1963,5,C,5,2805,m,24,Asian/Korean,4,3,2,5
176280730,3,A,1,22102,3,A,-2,11597,3,A,2,11411,3,A,-2,29146,3,A,undefined,8676,8,D,2,19539,8,D,0,7193,8,D,-2,10814,8,D,2,6530,2,B,5,8645,2,B,3,5603,2,B,-3,7927,2,B,3,5495,6,C,2,7332,6,C,2,9029,6,C,-1,7454,6,C,1,5659,3,A,4,7618,8,D,5,5891,2,B,5,3871,6,C,3,5621,m,24,Hispanic,7,5,1,2
322399103,4,A,5,6207,4,A,5,5639,4,A,2,7173,4,A,2,6049,4,A,undefined,2730,2,D,5,5582,2,D,2,4078,2,D,2,3244,2,D,3,3979,6,B,2,7733,6,B,-1,2761,6,B,-2,3845,6,B,0,4317,0,C,-2,3257,0,C,-3,3354,0,C,2,2885,0,C,-2,2452,4,A,5,7169,2,D,-5,3057,6,B,4,2630,0,C,-5,3074,f,24,White / Pacific Islander,6,4,2,3
424798565,1,C,5,16656,1,C,5,9527,1,C,4,11031,1,C,-5,6831,1,C,undefined,7976,3,B,-4,10063,3,B,-4,4288,3,B,4,5784,3,B,-5,5168,0,A,-4,8880,0,A,-4,4231,0,A,4,4528,0,A,-5,3464,5,D,-4,12568,5,D,-4,3528,5,D,4,3591,5,D,-5,2632,1,C,-5,6240,3,B,2,15200,0,A,2,2792,5,D,-5,3736,f,39,Asian,10,4,4,4
694171426,3,C,-2,6083,3,C,-3,5815,3,C,2,4185,3,C,-4,6114,3,C,undefined,3682,0,A,-4,3931,0,A,-4,3399,0,A,3,4132,0,A,-5,2916,7,D,3,4666,7,D,2,3784,7,D,-2,3348,7,D,3,2266,5,B,3,10130,5,B,3,2365,5,B,-4,3219,5,B,4,3046,3,C,-5,3885,0,A,2,2647,7,D,4,2266,5,B,3,1683,m,35,white,5,3,4,2
248443772,1,B,3,31944,1,B,4,10174,1,B,-1,13935,1,B,2,8896,1,B,undefined,10047,3,A,3,5103,3,A,3,97033,3,A,2,7280,3,A,3,5456,5,D,1,8288,5,D,1,5295,5,D,1,27376,5,D,1,4256,4,C,4,4936,4,C,-2,23623,4,C,-2,12599,4,C,2,7184,1,B,3,262319,3,A,4,3136,5,D,4,4488,4,C,3,5655,m,30,,3,2,3,3
849838297,5,C,-3,21892,5,C,-4,6828,5,C,-4,5253,5,C,-5,6559,5,C,undefined,4567,2,A,3,8460,2,A,2,5478,2,A,2,4286,2,A,-1,7516,4,D,1,8100,4,D,2,7188,4,D,2,7875,4,D,1,4084,8,B,-3,10215,8,B,-4,5390,8,B,-3,3531,8,B,-4,3128,5,C,4,12341,2,A,4,5726,4,D,4,3735,8,B,4,3071,f,33,white,3,3,2,5
972188913,6,B,-3,6399,6,B,-3,7207,6,B,4,6008,6,B,-5,4703,6,B,undefined,2888,1,D,3,5719,1,D,3,3747,1,D,-3,3959,1,D,3,4135,0,A,-5,9007,0,A,-5,3121,0,A,5,3071,0,A,-5,2439,8,C,0,4713,8,C,0,1991,8,C,2,4208,8,C,-2,1728,6,B,-3,3279,1,D,2,3455,0,A,1,2335,8,C,4,2200,m,34,White,2,3,4,2
664377691,4,C,1,3762,4,C,2,4252,4,C,-3,6105,4,C,-2,2665,4,C,-1,2609,7,D,-2,1684,7,D,1,3567,7,D,2,2542,7,D,2,11724,1,A,1,8961,1,A,2,1665,1,A,3,2722,1,A,4,1860,8,B,3,1936,8,B,2,2001,8,B,3,2768,8,B,4,2166,4,C,3,1939,7,D,1,1730,1,A,0,1365,8,B,2,1632,f,36,white ,5,1,5,1
785943066,6,D,-3,9512,6,D,undefined,6279,6,D,4,5639,6,D,-3,5904,6,D,undefined,2830,0,B,-4,5063,0,B,-4,5215,0,B,4,4480,0,B,-4,3863,8,A,3,6447,8,A,2,3767,8,A,-2,6442,8,A,2,3148,3,C,-2,8414,3,C,-1,6931,3,C,1,3994,3,C,-1,4663,6,D,-4,4679,0,B,-4,2391,8,A,3,2935,3,C,-1,2088,f,44,White,4,2,2,3
305908607,0,A,-3,7432,0,A,-3,3904,0,A,4,5499,0,A,0,6741,0,A,undefined,9663,3,B,-2,6649,3,B,-3,3864,3,B,3,2920,3,B,1,10931,7,D,2,5801,7,D,2,7514,7,D,-2,4313,7,D,2,4195,4,C,1,5801,4,C,2,2193,4,C,-2,3222,4,C,2,1900,0,A,5,3235,3,B,5,2059,7,D,4,2590,4,C,4,1562,m,30,white,9,4,2,3
210834258,0,D,-3,9880,0,D,-5,8014,0,D,4,7207,0,D,-4,12327,0,D,undefined,4472,3,B,-3,14576,3,B,-4,3174,3,B,4,4400,3,B,-4,3504,4,C,2,8568,4,C,2,4712,4,C,-2,4416,4,C,3,6048,6,A,0,9192,6,A,0,4200,6,A,0,2071,6,A,0,2319,0,D,5,5208,3,B,5,5104,4,C,5,2415,6,A,5,2719,f,24,Asian,10,2,6,4
665900389,4,C,4,7460,4,C,4,5623,4,C,0,6062,4,C,2,6134,4,C,undefined,3140,0,A,-3,8452,0,A,-3,7045,0,A,2,5475,0,A,1,4585,5,D,3,6819,5,D,1,3875,5,D,0,3985,5,D,2,2155,2,B,4,5514,2,B,2,11601,2,B,0,7413,2,B,2,1913,4,C,5,10115,0,A,5,2757,5,D,5,2452,2,B,5,2961,m,26,Asian,5,4,4,5
550195107,2,C,-1,8226,2,C,-4,7222,2,C,3,4975,2,C,-4,7048,2,C,undefined,3024,8,B,1,5520,8,B,-3,10967,8,B,2,4456,8,B,1,3519,7,D,2,6207,7,D,0,4784,7,D,0,4503,7,D,0,3696,4,A,-3,4696,4,A,-2,4576,4,A,0,9952,4,A,-1,3040,2,C,2,5079,8,B,3,2887,7,D,3,2799,4,A,3,2799,f,52,caucasion,0,4,1,4
424914622,6,B,-3,13575,6,B,0,12149,6,B,0,6474,6,B,0,9237,6,B,undefined,3740,0,D,-3,16904,0,D,-2,6592,0,D,2,7820,0,D,-3,6246,1,A,2,6419,1,A,1,6414,1,A,-3,7242,1,A,2,6958,4,C,3,10056,4,C,2,7405,4,C,-3,7940,4,C,3,5875,6,B,-4,6729,0,D,1,6231,1,A,1,4362,4,C,4,4521,m,31,white,7,4,4,2
941067898,2,A,3,12009,2,A,3,7160,2,A,3,23408,2,A,-3,11753,2,A,undefined,4897,4,B,-1,21432,4,B,-1,5526,4,B,-1,7560,4,B,-3,11274,1,C,3,7026,1,C,3,6394,1,C,-2,7269,1,C,2,4024,3,D,-2,8897,3,D,-2,3815,3,D,-2,3917,3,D,-3,4086,2,A,1,10156,4,B,1,4042,1,C,-1,4521,3,D,1,4747,m,38,Caucasian,1,1,1,3
826128717,0,A,-1,8686,0,A,-3,44017,0,A,3,6071,0,A,-3,7095,0,A,undefined,7175,7,C,2,9614,7,C,2,7319,7,C,0,7814,7,C,1,5127,1,B,3,8791,1,B,2,6718,1,B,-1,17302,1,B,1,4246,6,D,-3,5991,6,D,1,3943,6,D,3,6727,6,D,-1,5030,0,A,1,5031,7,C,3,2191,1,B,3,38724,6,D,-1,2559,f,22,puerto rican,3,4,2,2
845351904,6,C,-1,9874,6,C,-3,9853,6,C,-2,6806,6,C,-4,8863,6,C,undefined,3092,2,A,0,5085,2,A,-1,6608,2,A,-1,4581,2,A,-2,5321,8,B,1,5297,8,B,0,4159,8,B,-1,3688,8,B,-2,5061,4,D,-1,7600,4,D,-3,7489,4,D,-2,3628,4,D,-2,3451,6,C,3,6435,2,A,4,8256,8,B,3,4048,4,D,3,2636,f,36,caucasian,5,3,2,4
565855478,1,B,3,10877,1,B,3,5519,1,B,2,6902,1,B,2,3012,1,B,undefined,5098,2,C,0,5709,2,C,0,2364,2,C,0,3469,2,C,0,2311,3,D,-2,8855,3,D,-2,2091,3,D,-2,3952,3,D,-2,2803,6,A,-4,2773,6,A,-4,2959,6,A,-4,2777,6,A,-4,1888,1,B,2,4292,2,C,1,2503,3,D,0,1789,6,A,4,3178,m,24,whie,11,5,6,7
787635358,8,B,2,9903,8,B,-1,4966,8,B,-3,5488,8,B,-3,3789,8,B,undefined,2601,6,D,-2,6021,6,D,-4,2927,6,D,-2,2751,6,D,-3,2910,0,C,-3,2856,0,C,-3,1767,0,C,-2,5391,0,C,-2,2351,1,A,-2,2447,1,A,-2,2415,1,A,-2,2599,1,A,-3,2766,8,B,0,4094,6,D,-1,2911,0,C,-2,4103,1,A,-2,1649,m,35,asian,3,1,2,2
598597433,4,B,-2,16850,4,B,-1,16141,4,B,1,25200,4,B,2,11281,4,B,undefined,3617,7,A,1,14471,7,A,2,7322,7,A,0,6585,7,A,3,5943,0,C,-3,10369,0,C,-3,6773,0,C,3,8850,0,C,-3,7939,8,D,1,12649,8,D,-1,6791,8,D,1,9079,8,D,1,6307,4,B,3,16989,7,A,4,9116,0,C,-4,6274,8,D,-3,7048,f,29,White,9,2,2,5
890667170,3,B,-3,20470,3,B,-5,11846,3,B,5,11423,3,B,-5,9543,3,B,undefined,11207,0,A,-5,11616,0,A,-5,14207,0,A,5,8887,0,A,-5,12216,1,D,0,19605,1,D,1,12423,1,D,-2,9080,1,D,-2,17569,8,C,-1,23900,8,C,-3,13934,8,C,3,8208,8,C,-4,7991,3,B,3,11815,0,A,3,4935,1,D,3,4127,8,C,3,2040,f,34,white,2,7,1,6
322655793,4,B,-3,15938,4,B,-2,8031,4,B,4,7518,4,B,undefined,2069,4,B,undefined,216,2,D,0,8878,2,D,-2,6840,2,D,4,7286,2,D,-2,7263,1,A,3,6630,1,A,0,6615,1,A,2,5376,1,A,1,4217,5,C,-1,9226,5,C,-2,5463,5,C,3,4347,5,C,1,4657,4,B,2,7804,2,D,0,7546,1,A,2,3295,5,C,0,2815,f,38,white,2,5,2,7
319601598,0,C,-3,9549,0,C,-5,5342,0,C,-5,5062,0,C,0,14275,0,C,undefined,3072,7,B,2,7007,7,B,-2,9709,7,B,-5,3295,7,B,5,5670,5,A,-3,8696,5,A,-5,3824,5,A,-5,4116,5,A,0,3171,2,D,0,8583,2,D,0,12261,2,D,-5,3105,2,D,4,3218,0,C,-5,3228,7,B,-5,2464,5,A,-5,3398,2,D,-5,2834,m,24,Caucasian,5,3,1,4
169274586,5,B,5,3351,5,B,5,5366,5,B,0,2787,5,B,0,1550,5,B,0,2547,3,C,0,3167,3,C,undefined,510,3,C,undefined,2251,3,C,undefined,36,4,A,undefined,292,4,A,undefined,32,4,A,undefined,1475,4,A,undefined,12,8,D,undefined,293,8,D,undefined,24,8,D,undefined,280,8,D,undefined,8,5,B,undefined,308,3,C,undefined,28,4,A,undefined,288,8,D,undefined,16,f,23,caucasian,0,1,0,1
271796444,6,B,-4,14361,6,B,-5,8214,6,B,5,9375,6,B,-5,7968,6,B,undefined,13006,5,D,-2,11783,5,D,-2,7398,5,D,4,9771,5,D,-5,10303,2,A,4,28361,2,A,2,9755,2,A,-4,14877,2,A,-5,8922,8,C,-5,9236,8,C,-5,8394,8,C,5,8185,8,C,-4,7836,6,B,-5,129294,5,D,-5,26621,2,A,-5,3792,8,C,-5,3353,f,40,White,3,4,1,3
393691409,6,A,0,12728,6,A,-4,11200,6,A,1,7999,6,A,-1,9683,6,A,undefined,4684,1,C,1,10243,1,C,0,3394,1,C,0,4217,1,C,0,3636,8,B,-1,5956,8,B,-2,4806,8,B,1,8211,8,B,-1,3654,5,D,0,14939,5,D,0,2363,5,D,0,2486,5,D,0,2457,6,A,0,8043,1,C,0,2268,8,B,-1,2442,5,D,-1,3964,m,32,white,4,1,4,4
172077691,3,D,-2,10664,3,D,-1,5765,3,D,0,4256,3,D,0,5063,3,D,undefined,2407,6,B,-1,5343,6,B,-1,3264,6,B,0,3664,6,B,-1,1247,7,A,3,3793,7,A,2,1887,7,A,-3,3367,7,A,2,1688,0,C,-1,2976,0,C,-1,1208,0,C,-1,1829,0,C,0,1089,3,D,4,4559,6,B,2,2327,7,A,3,2080,0,C,0,3912,m,34,White,8,2,4,3
490569834,0,D,-3,29265,0,D,-5,15423,0,D,-4,11514,0,D,-3,17434,0,D,undefined,3364,3,C,-3,23095,3,C,-3,10320,3,C,-3,4737,3,C,-3,4513,2,B,0,24630,2,B,0,5205,2,B,-2,14093,2,B,0,3772,1,A,2,16408,1,A,2,7065,1,A,1,9216,1,A,2,10167,0,D,5,6986,3,C,5,4319,2,B,5,6630,1,A,5,3733,f,54,white,9,2,4,1
920054192,5,C,0,12599,5,C,1,13887,5,C,0,6349,5,C,1,12840,5,C,undefined,3519,7,D,3,7582,7,D,2,4625,7,D,-3,5676,7,D,2,3656,3,A,-2,9637,3,A,-1,3239,3,A,-2,7233,3,A,-2,2467,2,B,0,4527,2,B,0,3079,2,B,0,2957,2,B,1,1966,5,C,-1,7608,7,D,1,3238,3,A,-3,3451,2,B,-1,3406,m,49,caucasian,7,5,4,4
330830512,2,B,-3,5852,2,B,-5,4725,2,B,4,7102,2,B,-4,6602,2,B,undefined,5992,8,C,-1,4675,8,C,-3,4708,8,C,4,5688,8,C,4,4401,0,A,-2,4767,0,A,-4,2652,0,A,4,5979,0,A,4,4231,3,D,-4,4112,3,D,-4,2837,3,D,3,3635,3,D,-4,4674,2,B,-5,9477,8,C,-5,2750,0,A,-5,2501,3,D,-5,2194,f,27,White,2,6,1,4
648305617,4,C,2,14761,4,C,1,7607,4,C,1,10889,4,C,-1,9670,4,C,undefined,6629,3,B,-3,8753,3,B,-3,4646,3,B,-3,4504,3,B,-3,4456,0,D,-5,7512,0,D,-5,7488,0,D,5,6047,0,D,-5,7488,7,A,5,9399,7,A,5,4600,7,A,-3,10105,7,A,3,7974,4,C,1,8223,3,B,-5,3440,0,D,-5,2505,7,A,4,3160,m,24,hispanic,2,3,1,4
403277604,2,C,1,5038,2,C,1,8022,2,C,2,4707,2,C,-3,126078,2,C,undefined,2883,3,B,-1,4191,3,B,4,4417,3,B,4,3560,3,B,-5,4086,8,D,-2,6408,8,D,-2,3437,8,D,4,5758,8,D,-5,2322,6,A,0,6343,6,A,1,4169,6,A,0,4214,6,A,-3,4759,2,C,-1,5720,3,B,-2,6179,8,D,-4,2828,6,A,0,4356,f,34,white,3,2,4,2
529758996,8,B,2,5621,8,B,2,4838,8,B,1,3537,8,B,1,5493,8,B,undefined,2429,6,A,-2,3686,6,A,-3,3063,6,A,2,4084,6,A,-3,3970,7,C,2,12426,7,C,2,3014,7,C,1,4416,7,C,1,2789,5,D,-1,6036,5,D,-1,2805,5,D,1,9276,5,D,-1,4908,8,B,5,3923,6,A,5,2564,7,C,-3,5293,5,D,-3,2539,f,25,white,0,1,2,7
675101552,1,D,0,3388,1,D,0,2286,1,D,0,2916,1,D,0,1508,1,D,undefined,2276,5,C,0,2976,5,C,0,3291,5,C,0,3223,5,C,0,2104,7,A,0,3034,7,A,0,2232,7,A,0,2876,7,A,0,4108,4,B,0,2514,4,B,0,2458,4,B,0,2840,4,B,0,1836,1,D,5,6437,5,C,5,2808,7,A,5,3988,4,B,5,2920,m,25,white,1,5,1,4
746244590,0,A,-3,7744,0,A,-5,5448,0,A,5,4858,0,A,-4,5086,0,A,undefined,4993,2,C,0,9815,2,C,-2,7969,2,C,-1,4128,2,C,-1,4256,7,B,0,21779,7,B,-2,4320,7,B,-1,3168,7,B,-1,2888,4,D,1,13090,4,D,-1,3296,4,D,-1,4992,4,D,-1,2175,0,A,1,5426,2,C,1,5014,7,B,1,4000,4,D,1,5147,f,44,white,10,4,5,1
140090755,1,C,3,12599,1,C,2,9415,1,C,1,8927,1,C,-5,8143,1,C,undefined,5440,5,D,3,10159,5,D,3,9463,5,D,2,5663,5,D,-5,5288,3,A,-3,8736,3,A,-2,6759,3,A,-3,7687,3,A,-5,5231,6,B,-2,7767,6,B,-2,5735,6,B,-1,6535,6,B,-5,5824,1,C,0,9223,5,D,0,5079,3,A,0,5647,6,B,0,4504,m,73,white,3,2,2,2
553705247,3,C,-4,30517,3,C,-4,15082,3,C,3,13192,3,C,-3,13328,3,C,undefined,5833,0,D,-3,23068,0,D,-3,15280,0,D,3,8226,0,D,-3,10032,1,A,-1,16395,1,A,-1,6953,1,A,2,11777,1,A,-3,14394,6,B,-5,13922,6,B,-5,8128,6,B,5,10025,6,B,-5,11761,3,C,-4,10520,0,D,-4,6409,1,A,-4,11489,6,B,-5,6241,f,42,White,11,5,2,6
846350378,6,A,-3,9389,6,A,-5,37692,6,A,4,14423,6,A,-5,33333,6,A,undefined,4155,7,B,3,18293,7,B,3,8583,7,B,-1,18020,7,B,2,14303,4,C,-1,11744,4,C,-3,8276,4,C,1,5585,4,C,-2,7340,0,D,-4,7925,0,D,-3,20323,0,D,4,7203,0,D,-5,6161,6,A,1,6442,7,B,2,5629,4,C,-5,2480,0,D,-5,2552,f,21,Black,3,2,2,1
809541562,7,D,-1,11534,7,D,0,6147,7,D,-1,5535,7,D,0,10421,7,D,undefined,7175,4,A,-1,6515,4,A,-1,4226,4,A,-1,4375,4,A,0,3798,6,C,-3,7518,6,C,-4,6417,6,C,4,8142,6,C,-2,7255,8,B,-1,5604,8,B,-1,3033,8,B,0,4554,8,B,0,1904,7,D,1,6295,4,A,1,3617,6,C,-1,2793,8,B,-2,5980,f,27,Caucasian,5,2,4,3
455784394,7,A,3,12761,7,A,1,8286,7,A,-1,5748,7,A,1,8091,7,A,undefined,3971,3,C,-2,8102,3,C,-5,4941,3,C,-2,3820,3,C,-3,4562,2,B,0,43198,2,B,0,3191,2,B,-1,8039,2,B,0,6095,1,D,2,12005,1,D,3,2578,1,D,-3,4797,1,D,2,2329,7,A,1,7268,3,C,0,3306,2,B,1,2716,1,D,3,3246,m,47,White,,4,6,3
641384062,5,D,0,11208,5,D,0,4588,5,D,0,2855,5,D,-5,6679,5,D,undefined,4366,0,A,0,8503,0,A,0,2543,0,A,0,2019,0,A,-5,3427,1,B,1,4991,1,B,1,1743,1,B,-1,4208,1,B,-4,2664,4,C,0,2783,4,C,0,2151,4,C,0,2063,4,C,-5,2711,5,D,-5,7512,0,A,0,2703,1,B,-5,2319,4,C,0,2743,f,21,American,3,2,2,4
371624805,8,D,-3,10279,8,D,-4,19849,8,D,-3,23085,8,D,-4,5974,8,D,undefined,22739,6,A,-5,11701,6,A,-3,10722,6,A,2,12878,6,A,-3,34332,2,B,-2,12215,2,B,-3,5024,2,B,4,12702,2,B,-4,10596,1,C,-3,8562,1,C,-3,6895,1,C,3,6221,1,C,-3,6778,8,D,4,17971,6,A,4,7231,2,B,2,82459,1,C,2,3971,m,29,Asian,5,1,4,6
837063222,4,D,-2,27888,4,D,-3,14821,4,D,4,7496,4,D,-5,6010,4,D,undefined,3241,8,C,-2,9279,8,C,-4,6681,8,C,4,5204,8,C,-5,3935,3,A,-4,18605,3,A,-5,3485,3,A,5,2408,3,A,-5,2310,6,B,-3,10374,6,B,-4,4042,6,B,5,6174,6,B,-5,4309,4,D,-5,8424,8,C,-5,2508,3,A,-5,2682,6,B,-5,4669,f,49,White/Hispanic,1,2,1,4
142525067,0,A,-3,19239,0,A,-1,13658,0,A,3,6705,0,A,1,8531,0,A,undefined,3923,2,B,1,17185,2,B,2,8041,2,B,2,4833,2,B,1,3840,1,D,-1,11424,1,D,1,4765,1,D,2,10747,1,D,1,2744,6,C,-3,7703,6,C,-2,3538,6,C,3,5081,6,C,-1,3669,0,A,-4,8329,2,B,-2,3527,1,D,-3,5059,6,C,-4,7149,f,36,mixed,1,5,4,5
985637829,8,C,-1,14566,8,C,-5,8261,8,C,5,6201,8,C,-3,5893,8,C,undefined,4827,1,B,1,12482,1,B,-3,8236,1,B,-5,5782,1,B,-1,4183,5,D,-3,7795,5,D,-5,5921,5,D,-5,6899,5,D,-4,6000,0,A,-5,4953,0,A,-5,4236,0,A,5,6370,0,A,-5,6736,8,C,1,8231,1,B,3,4102,5,D,1,6695,0,A,3,2700,f,22,Asian,5,3,2,5
154404835,7,D,2,13635,7,D,1,11087,7,D,0,5808,7,D,1,6545,7,D,undefined,3021,4,C,-1,6957,4,C,-1,6324,4,C,-1,151558,4,C,-1,8906,8,A,-3,6177,8,A,-3,5196,8,A,2,5926,8,A,-2,3154,1,B,1,4660,1,B,0,4126,1,B,-1,4799,1,B,-1,2835,7,D,-4,5618,4,C,-5,4091,8,A,-4,4531,1,B,-1,3052,f,26,white,2,3,2,6
360924423,0,C,-2,9779,0,C,0,6378,0,C,2,4050,0,C,-3,6950,0,C,undefined,9223,7,B,0,7084,7,B,1,5418,7,B,0,6754,7,B,1,3631,5,D,0,5879,5,D,0,5719,5,D,0,2440,5,D,1,3790,4,A,0,4648,4,A,0,3735,4,A,1,3552,4,A,1,3287,0,C,5,5857,7,B,5,2540,5,D,5,1741,4,A,5,3542,m,23,White,6,2,4,6
560481025,0,B,-3,21294,0,B,-5,19071,0,B,4,11927,0,B,-4,15439,0,B,undefined,8440,4,D,-1,18424,4,D,3,12560,4,D,-3,10871,4,D,-3,12111,7,A,4,9705,7,A,4,8455,7,A,-5,9032,7,A,-1,7360,3,C,-3,16832,3,C,-1,9167,3,C,3,10439,3,C,-3,6496,0,B,5,11144,4,D,5,5919,7,A,5,7728,3,C,5,4792,m,40,White,0,1,1,6
542583786,6,D,-3,9284,6,D,-5,9026,6,D,4,7297,6,D,-5,5806,6,D,undefined,4118,0,B,-4,8006,0,B,-5,4042,0,B,5,9406,0,B,-5,5775,8,A,4,7970,8,A,2,11643,8,A,3,13203,8,A,1,5811,7,C,4,12946,7,C,2,4654,7,C,3,7966,7,C,-2,8735,6,D,-4,9814,0,B,-4,5098,8,A,2,4778,7,C,2,2858,f,46,white,7,3,3,4
100438384,3,D,-2,9551,3,D,-2,7228,3,D,-2,7373,3,D,-4,7470,3,D,undefined,4943,7,C,1,14466,7,C,-1,7443,7,C,3,5914,7,C,-3,6815,8,A,0,5978,8,A,-4,8012,8,A,3,8924,8,A,undefined,136,4,B,-1,8566,4,B,-2,9654,4,B,2,5318,4,B,-4,4746,3,D,undefined,72,7,C,-5,12615,8,A,5,3835,4,B,5,4346,f,53,White,2,4,1,4
138366354,8,D,-2,18642,8,D,-4,6378,8,D,3,12622,8,D,-5,5828,8,D,undefined,5107,0,B,-5,26044,0,B,-5,4545,0,B,4,5411,0,B,-5,3870,6,A,-1,22443,6,A,-3,10530,6,A,3,6108,6,A,-5,4061,4,C,-1,13117,4,C,-2,4298,4,C,3,4275,4,C,-5,5918,8,D,-4,9810,0,B,-2,4601,6,A,-3,7391,4,C,1,4804,f,26,WHITE,5,4,2,4
