340520
966536
268288
230030
386515
597107
148498
372768
351296
282199
656710
137286
571067
596083
759566
631239
135915
757900
350786
200427
552048
330682
645588
100250
545911
697828
248970
516617
694056
272880
795178
241766
782920
343554
837886
612008
255816
871258
323057
767445
951734
170173
522092
632127
410534
897513
464560
835802
578473
267956
428903
687914
552736
636234
703195
493466
783189
832249
857896
266959
257661
907798
783536
516260
364667
400621
789867
365476
619470
637764
985186
350950
390164
713146
711757
656075
587767
752329
724243
107771
258753
983757
191720
628499
367805
866054
797767
280139
642315
227134
350647
903338
994131
531958
610266
451389
170450
479832
769303
372499
615043
932121
442123
464475
938095
224278
951334
731819
187244
234882
502587
301990
737141
382096
263526
185494
328975
513863
950476
568433
783763
110374
356241
168447
349593
498033
627133
149390
881175
288619
380878
386641
482924
640697
635415
579673
852262
291304
328825
624384
691011
516354
926118
958194
872949
856588
228600
709632
277922
919382
248703
531145
518208
663171
253829
773291
962501
327410
581227
493053
742801
862819
336218
621187
293587
284880
815694
258313
165539
222787
710110
203823
142765
878864
547132
879748
227654
577274
987523
946650
536018
336459
248007
566966
864445
615610
127444
769313
717997
692724
505853
162116
277116
690752
328012
647375
834396
337065
235800
768699
935629
822642
507932
797482
931590
677337
416246
193646
101715
685095
651525
246795
902358
436476
460109
253632
425276
440012
405611
478129
399195
963870
539089
596830
761016
720073
233396
682934
821136
200832
163604
688777
762751
246426
577972
180825
560657
281808
405325
602986
233711
631594
433953
447849
364691
989252
755665
471228
957741
636816
214614
726018
740209
824799
846868
700629
795159
168606
655217
302263
334194
813084
139925
321469
754882
502345
198322
845794
475518
419917
620146
912240
823540
281220
870065
551293
594965
603417
388966
290185
549296
619966
837651
288112
616469
197718
655781
824751
953316
965918
566390
204765
454314
461287
920423
283683
714114
209249
988034
461355
231903
873697
840036
825083
324545
765378
468814
248123
782100
662954
350947
379643
832951
442234
605849
778438
496640
517377
452696
217586
147090
764802
639116
441613
638112
256274
223891
809935
413223
889605
211062
624337
356611
913965
341089
710627
901755
927151
949208
889598
606895
961082
420888
845688
851747
399293
516220
324238
733466
298857
103488
188182
498942
899447
271380
702987
432393
289900
318047
890220
955323
484776
344508
409979
101369
611312
457802
347695
791188
105100
210304
176886
470032
365253
394027
700446
933861
960141
817883
303106
634474
876814
840030
100197
581438
943125
105224
952788
810703
883755
739814
385089
892528
477554
259002
517651
518723
737639
697575
610851
961742
153151
243984
533231
826498
606042
146961
487610
930519
182976
353560
120705
740775
657185
863139
166369
769049
628656
334655
597598
363300
140581
937872
894951
251893
863118
196976
194131
101886
187664
988881
416578
272344
766695
158485
695909
265155
693873
733859
754850
812310
515804
125187
902088
482917
410361
637374
205776
239466
483915
777711
976314
639058
597530
910017
293334
578668
501785
756855
739602
604121
715180
409004
106675
278012
528902
743349
836525
633069
650575
612234
267348
351389
655787
816459
879306
570257
141217
835627
374287
960420
236235
351193
755274
734609
182890
527693
702306
915854
844732
696095
257984
306540
290396
720247
345934
587869
109059
791908
991440
494074
748925
346719
451314
566740
333398
