947612067,50,0,981.72,NaN,2,-1,1,4,-3,0,0,-1,3,-2,1,0,2,4,-5,undefined
312978767,50,0,1169.4,NaN,2,3,-2,-1,1,-2,-1,2,3,1,3,3,-1,0,2,undefined
501528059,50,0,1260.22,NaN,2,1,1,2,5,1,-1,1,2,5,1,-1,1,2,5,undefined
858711106,50,0,1357.4,NaN,-2,1,1,2,-3,-3,-1,2,3,-3,1,2,3,3,-1,undefined
598625629,49,1,2935.1020408163267,13263,-2,-3,-2,-2,0,2,undefined,2,0,0,-2,-3,-3,-2,0,undefined
308316919,50,0,2460.12,NaN,-3,-3,0,2,0,-3,-4,0,2,-1,-1,-3,0,2,-1,undefined
104105029,46,4,1782.5869565217392,1622.75,0,3,-3,-2,-1,-2,-1,-3,1,-2,-4,-3,3,5,-2,undefined
422661646,50,0,1156.46,NaN,-1,-2,1,3,-5,-5,-5,3,5,-5,-1,-1,0,1,-5,undefined
123578991,50,0,1967.78,NaN,2,-2,2,3,2,3,3,0,0,3,-2,-3,3,4,-2,undefined
239357928,50,0,2131.18,NaN,3,0,0,0,2,-2,-2,1,1,-1,3,2,-2,-2,2,undefined
558428404,43,7,1509.6744186046512,2777,-2,-1,-3,-3,-3,-1,-3,-2,-3,-3,-2,-1,-3,-1,-2,-2
556757494,50,0,1804.2,NaN,3,3,-2,-3,3,1,1,1,1,3,-2,-2,2,2,3,undefined
241527016,50,0,1689.26,NaN,-1,-2,3,5,1,-2,-1,1,3,0,-1,-1,2,4,1,undefined
377802298,47,3,2091.3617021276596,3221.3333333333335,5,5,3,3,0,1,2,3,3,0,-2,-2,-2,-2,0,undefined
889596034,45,5,1293.4888888888888,1207.8,1,2,1,1,1,-1,-1,2,2,1,1,0,1,0,-1,undefined
451221477,50,0,1415.16,NaN,-1,0,0,0,-5,3,0,3,4,-4,2,2,3,3,-5,undefined
677229742,50,0,2197.28,NaN,-2,-5,3,5,5,-5,-5,4,5,5,1,-2,2,4,2,undefined
624179092,50,0,1469.72,NaN,-3,-4,2,2,0,0,-2,-2,-1,3,2,-1,0,1,5,undefined
701549043,50,0,1721.24,NaN,3,-2,1,3,0,-3,-4,2,4,0,-2,-4,2,4,0,undefined
429746035,50,0,1310.76,NaN,-1,-1,2,2,5,1,1,1,1,5,3,3,-2,-1,5,undefined
394416738,50,0,1079.38,NaN,0,-2,1,3,0,3,3,-3,-1,1,2,1,-2,0,0,undefined
831705163,44,6,2296.2272727272725,1427.1666666666667,3,2,-2,-3,5,-2,-1,-3,-4,5,0,0,-2,-3,5,undefined
485887899,49,1,1770.9795918367347,1535,-1,-2,-2,-2,-4,-1,-1,-1,-1,-4,0,0,0,undefined,-4,undefined
522315107,50,0,1864.64,NaN,-4,-5,5,5,-3,0,0,0,0,-3,0,0,0,undefined,-3,undefined
816482489,49,1,1344.142857142857,1324,0,0,0,2,2,-2,-1,0,2,2,5,1,-2,1,1,undefined
243880522,50,0,1678.4,NaN,-3,-3,1,3,-3,2,1,-3,-1,1,-2,-1,-1,1,-3,undefined
580223697,50,0,1535.88,NaN,4,4,-2,-1,4,2,3,0,2,3,3,2,3,3,-2,undefined
523221369,50,0,1421.48,NaN,-1,-3,1,2,-2,-2,-4,2,3,-3,1,-2,-1,-1,-2,undefined
590304432,49,1,1668.2448979591836,9063,-5,-5,2,4,-3,-3,-1,3,5,-2,3,2,1,1,1,undefined
430821944,48,2,2070.5416666666665,939.5,3,4,-3,-4,3,3,3,-4,-4,4,3,3,-3,undefined,4,undefined
193739338,50,0,2139,NaN,-5,-5,4,5,-5,-3,-5,4,5,-5,2,-3,3,4,-3,undefined
672207793,49,1,2374.183673469388,1783,4,-1,2,2,5,4,-1,2,2,5,3,-1,1,1,5,undefined
993555423,50,0,1857.52,NaN,-1,2,1,1,5,1,2,-2,-2,5,0,0,-1,-1,5,undefined
386578964,49,1,2157.530612244898,2563,0,-1,1,1,1,-3,-3,-3,2,1,-1,-1,1,1,1,undefined
853570548,50,0,1705.3,NaN,0,1,2,2,-5,1,1,2,2,-5,-1,-1,2,2,-5,undefined
917173802,50,0,1194.54,NaN,1,3,-1,0,-2,-1,2,0,1,1,2,4,-1,0,1,undefined
923738451,27,23,913.9629629629629,974.5652173913044,3,3,4,3,3,1,3,2,3,3,3,2,3,3,4,3
103422508,50,0,2871.42,NaN,-2,-3,0,1,-5,3,5,0,1,2,-2,-3,0,3,-5,undefined
399266647,49,1,1169.0408163265306,1035,2,1,-2,0,5,-4,-5,2,3,5,1,0,-1,1,5,undefined
240518406,50,0,2608.06,NaN,-2,-5,2,4,-3,2,3,-1,-1,1,-4,-4,3,5,3,undefined
728676429,50,0,1920.1,NaN,3,1,-2,2,0,1,-1,-1,2,3,2,0,-1,2,1,undefined
168544131,48,2,1317.2083333333333,1120.5,undefined,1,1,1,0,0,0,1,1,0,-3,-3,3,3,0,undefined
727791762,50,0,2837.8,NaN,-4,-4,4,4,-4,0,1,1,1,-3,-3,-3,3,3,-4,undefined
349442461,50,0,1310.08,NaN,-3,-5,4,5,-5,-3,-3,3,4,-5,3,3,1,2,-3,undefined
456660305,48,2,1952.1041666666667,2347,-3,-4,3,5,3,2,3,-2,0,3,-1,-2,1,1,3,undefined
880105968,24,26,1238,1250.9615384615386,4,3,-1,-2,1,-3,0,-3,-4,5,-4,-1,-3,-4,-4,undefined
138870154,48,2,1817.375,1169.5,-1,1,-1,1,5,2,-1,-2,-2,5,-2,-4,4,4,5,undefined
886412223,50,0,1091.16,NaN,0,0,2,3,2,3,3,0,1,2,3,4,1,2,2,undefined
804879022,50,0,3063.94,NaN,2,1,2,3,2,2,1,3,2,2,1,2,0,2,1,1
576661650,39,11,1826.3076923076924,798.9090909090909,-1,-3,2,4,5,0,0,1,1,5,-1,-2,1,2,5,undefined
392670676,50,0,1583.76,NaN,2,-2,1,2,1,-1,-3,1,2,1,2,-2,0,2,1,undefined
147872924,42,8,1662.9761904761904,4257.625,0,0,0,-1,-3,0,-1,1,0,0,1,1,1,0,1,undefined
162079699,50,0,1854.78,NaN,3,1,1,2,1,3,1,1,2,3,4,2,1,2,2,undefined
224725821,48,2,1362.1875,3619.5,2,1,-2,0,3,-2,-2,1,1,-2,-2,-3,1,1,-1,undefined
540301917,49,1,1935.591836734694,1104,0,0,0,-1,undefined,0,-1,0,-1,0,-1,1,-1,-1,-1,-2
373884295,50,0,2948.32,NaN,-1,0,3,4,-3,4,5,-1,0,3,2,4,3,4,1,undefined
761941662,46,4,1530.8260869565217,1753.75,0,0,0,2,5,-3,-4,0,3,5,-1,-3,0,3,5,undefined
756638545,50,0,1446.58,NaN,5,3,-2,2,3,-4,-3,2,3,-4,0,-1,0,1,4,undefined
150699780,50,0,2028.02,NaN,-1,-1,1,1,1,-1,undefined,1,2,-3,-2,-3,2,4,-3,undefined
450056835,50,0,1367.92,NaN,-1,-5,5,5,1,-1,-5,5,5,1,2,-5,5,5,1,undefined
783871541,50,0,1600.82,NaN,0,0,0,0,3,-3,-4,-2,-4,2,4,4,-4,-5,3,undefined
707163975,50,0,1169.82,NaN,-2,-2,3,4,4,1,1,1,2,4,2,1,1,2,4,undefined
809945958,49,1,1780.8163265306123,16832,-4,-5,4,4,2,2,2,-2,-1,2,-4,-3,-2,-2,-2,undefined
910585917,50,0,3802.52,NaN,-1,-3,4,4,5,3,3,-3,-3,5,2,3,1,1,5,undefined
181794458,50,0,1503.02,NaN,-2,1,3,3,2,3,0,0,0,2,3,0,0,0,3,undefined
726206488,33,17,1057,499.88235294117646,undefined,1,0,1,2,1,2,1,0,1,0,1,0,2,1,undefined
975990390,50,0,2656.98,NaN,-5,-5,5,5,-5,-3,-5,3,3,-5,-5,-5,5,5,-5,undefined
541103876,50,0,1470.24,NaN,4,4,2,2,1,4,4,2,2,1,4,4,2,2,3,undefined
688849234,50,0,2792.48,NaN,4,3,-2,-1,-3,2,0,0,2,-3,-1,-2,1,3,-3,undefined
968948057,49,1,5176.673469387755,844,5,5,3,3,1,4,4,2,2,2,3,3,4,4,-1,undefined
930630829,50,0,2307.6,NaN,2,1,3,4,5,-1,-3,2,4,5,-2,-3,3,3,5,undefined
514695942,49,1,1744.6938775510205,6174,-3,2,-1,3,2,1,3,-3,-1,2,1,3,-2,-1,2,undefined
557335849,40,10,1744.3,2365.2,2,2,3,3,-3,2,2,2,2,-3,2,2,2,2,-3,undefined
198728984,47,3,1798.468085106383,1345.6666666666667,2,-3,-2,1,5,2,2,-3,0,5,4,3,1,2,5,undefined
146812453,50,0,1348.28,NaN,2,-3,1,1,5,-1,-4,3,3,3,2,-4,1,1,4,undefined
647656698,50,0,1234.68,NaN,0,-1,1,3,-4,0,-1,1,3,-5,0,-1,1,3,-3,undefined
452110514,50,0,1616.1,NaN,5,5,3,4,1,-2,3,3,3,1,3,3,4,5,1,undefined
696668008,49,1,1588.8979591836735,1014,-2,-1,0,3,-2,-1,-1,0,2,-2,3,2,-1,1,-3,undefined
610285254,50,0,1359.82,NaN,0,-1,1,1,5,2,1,1,1,5,-1,-1,2,2,5,undefined
714799156,50,0,2141,NaN,5,2,2,3,4,-2,-4,-2,3,-2,-2,-3,2,4,1,undefined
619166636,50,0,2031.86,NaN,2,2,2,0,2,0,0,0,0,2,-2,-2,-2,-2,2,undefined
518543392,50,0,2261.02,NaN,3,3,1,1,3,-1,-1,-1,-1,3,3,1,1,1,3,undefined
845715937,44,6,1041.1363636363637,1486.3333333333333,4,3,-3,-3,4,3,1,-4,-3,4,3,0,-2,0,4,undefined
914135660,50,0,2265,NaN,0,1,-1,0,0,-2,-1,2,4,3,-4,-3,2,4,2,undefined
379102518,50,0,2206.22,NaN,2,0,-1,0,2,-1,-1,1,2,-1,1,0,0,0,2,undefined
894073736,50,0,1742,NaN,-4,-5,3,4,4,-2,-3,2,3,4,-1,-1,1,1,4,undefined
483243243,44,6,1497.5454545454545,1102,-3,-3,2,2,-2,2,-3,1,1,2,3,-3,1,3,2,undefined
658840280,50,0,1154.48,NaN,3,3,-3,0,-5,-2,-3,3,3,5,-1,-2,2,2,-5,undefined
550914587,50,0,1184.22,NaN,-1,-3,1,3,2,-2,-5,1,3,2,0,-2,1,3,2,undefined
818961320,50,0,2856.54,NaN,-2,0,0,3,3,-3,0,0,3,4,2,3,0,3,4,undefined
218595131,50,0,2232.72,NaN,3,3,2,2,4,3,3,-3,-3,4,3,3,-3,-3,4,undefined
491345355,49,1,2240.8571428571427,1719,3,-1,1,3,4,3,-2,-3,2,1,3,-1,-2,1,3,undefined
405063301,49,1,1697.3265306122448,9382,-1,-1,1,1,1,-1,-2,1,1,0,-2,-3,2,2,3,undefined
602308302,44,6,2432.9545454545455,3534,-1,0,0,-2,3,2,2,0,-2,3,2,2,2,-1,2,undefined
547620258,50,0,1298.78,NaN,1,-3,3,3,-3,2,0,3,3,-3,-2,-5,1,5,1,undefined
788354089,48,2,1915,3094,0,0,0,0,-4,0,0,0,0,-3,0,0,0,0,-4,undefined
794902158,50,0,1644.08,NaN,-1,-2,2,3,4,2,2,-2,1,4,3,3,-3,1,4,undefined
792856140,50,0,1877.62,NaN,-1,-3,0,3,0,1,1,-2,0,0,undefined,-1,0,2,0,undefined
843629155,50,0,1503.1,NaN,1,3,5,5,-5,-5,-5,5,5,-5,-3,-5,0,5,-5,undefined
235348582,50,0,1697.26,NaN,-1,5,1,1,-1,-1,5,1,1,2,5,5,0,0,-1,undefined
179266793,50,0,3103.54,NaN,1,0,-1,1,2,3,undefined,-2,-1,3,3,3,-3,-1,3,undefined
156011140,50,0,1796.52,NaN,0,2,-2,3,5,3,2,-1,2,5,-2,-2,-1,4,5,undefined
778799655,50,0,1935.2,NaN,3,3,-1,1,3,-1,0,2,2,2,-3,-3,5,4,2,undefined
487396687,49,1,4341.34693877551,4572,-3,-5,4,5,5,-5,-5,5,5,5,3,-1,1,4,5,undefined
812087478,50,0,1995.84,NaN,3,0,0,0,0,3,3,0,1,1,3,3,0,3,1,undefined
129265024,48,2,2577.0833333333335,13342.5,2,0,-1,0,-1,2,-1,0,1,-2,0,-2,1,2,0,undefined
363142027,50,0,1241.28,NaN,2,2,-1,-1,1,-1,-1,1,1,-5,0,0,-1,-1,1,undefined
701445225,49,1,1195.1836734693877,12182,3,4,1,3,2,0,-2,2,3,3,1,-1,1,2,2,undefined
832681207,49,1,1931.591836734694,1628,0,-3,3,4,-5,-1,-4,3,undefined,-5,3,1,1,2,-5,undefined
328036288,50,0,2002.68,NaN,2,undefined,-4,-3,3,-3,-4,-3,1,-3,-1,-2,-2,-1,3,undefined
307167207,50,0,2410.56,NaN,2,4,3,3,3,4,5,2,2,3,-2,3,4,4,2,undefined
212539663,46,4,2140.021739130435,2771,-4,-4,4,4,-5,undefined,-4,-4,4,-4,-1,-4,4,3,-1,undefined
524651853,49,1,2289.265306122449,17515,-2,-3,2,4,-3,2,0,1,2,-1,0,1,1,2,1,undefined
549640419,50,0,1650.76,NaN,-2,0,2,2,5,1,3,-3,-2,5,0,2,-2,-1,5,undefined
806966675,48,2,2339.3958333333335,3448.5,2,3,-1,1,4,-2,-3,2,2,3,-3,-4,3,3,3,undefined
408027607,50,0,2258.62,NaN,-3,-3,-2,-3,-5,-3,-2,-3,-3,-5,-1,-1,-2,-3,-5,undefined
104725342,50,0,1896.06,NaN,3,1,1,3,2,-2,-3,3,5,-3,2,-1,3,4,-1,undefined
216818751,50,0,1668.56,NaN,0,1,-1,1,-1,1,0,-1,1,-1,-3,-4,2,4,-1,undefined
770832050,47,3,1960.340425531915,5763,1,2,0,0,-5,1,0,1,0,-5,0,0,0,1,-5,-1
124144406,50,0,1553.24,NaN,5,3,-2,1,2,3,2,-1,-1,3,-1,-1,2,3,-2,undefined
537818746,48,2,1814.6041666666667,4690.5,-2,-4,undefined,1,-5,-4,-4,2,2,-5,-2,-1,-2,1,-5,undefined
452033813,49,1,2188.3673469387754,1985,-1,-2,2,3,0,3,3,0,0,2,-2,-5,3,5,-5,undefined
929025322,48,2,2700.3541666666665,6211,-3,-4,3,4,-4,2,1,-1,1,1,-3,-3,3,4,-2,undefined
962880303,50,0,1623.7,NaN,-1,0,4,5,5,2,2,3,5,5,3,3,1,4,5,undefined
151146786,50,0,1473.14,NaN,1,2,2,5,2,-1,-2,3,5,2,-5,-5,4,5,2,undefined
587341607,47,3,2743.9574468085107,2244.6666666666665,1,-1,-2,2,1,3,-1,0,-1,0,2,0,-3,0,2,undefined
971781492,50,0,2321.32,NaN,0,1,0,1,2,-1,0,2,2,1,-4,-4,3,4,-3,undefined
563691177,49,1,1304.1836734693877,1889,-4,-5,4,5,-3,0,-4,-1,1,1,-2,-5,1,4,1,undefined
479218233,50,0,3887,NaN,-2,-3,2,4,4,-1,-3,3,4,4,3,4,-3,-4,4,undefined
872775437,49,1,3197,2384,2,-4,0,2,1,0,-5,1,undefined,-5,0,-1,0,0,-5,undefined
193483800,48,2,3948.0625,13390.5,1,-1,-1,2,-2,3,1,-2,0,2,-3,-5,2,4,-5,undefined
919792122,48,2,1411.4166666666667,2553,-2,-3,2,2,-4,-3,-3,4,4,-4,0,0,2,2,-4,undefined
547444796,50,0,2446.22,NaN,4,3,2,3,5,1,0,3,4,4,3,3,2,3,4,undefined
677946276,25,25,456.24,629.36,0,1,1,1,-1,0,0,0,-1,0,-5,-5,-1,-1,0,undefined
433935571,50,0,2132.12,NaN,1,0,0,1,1,0,0,0,2,2,-1,0,0,3,2,undefined
191579065,50,0,1567.22,NaN,3,3,-2,-2,3,1,1,-2,-2,3,2,2,-1,-1,3,undefined
394582510,45,5,2536.6444444444446,2135.6,-1,-3,3,3,-1,-2,-3,4,4,-2,3,-2,2,2,2,undefined
580862570,45,5,2418.9333333333334,3000.2,-3,-4,2,4,0,2,3,-2,-1,0,0,-1,0,0,0,undefined
891072816,50,0,1918.5,NaN,1,-2,1,3,-3,4,0,1,2,2,3,2,1,3,1,undefined
684662634,50,0,3967.22,NaN,-4,-5,2,4,5,-5,-5,4,5,5,-1,-3,2,4,5,undefined
723723705,50,0,2261.72,NaN,-2,-1,2,2,-4,-1,0,0,1,-2,0,1,0,1,2,undefined
668932812,48,2,3233.4375,1015.5,-1,-3,4,4,-5,-2,-3,4,4,-5,3,3,-2,-2,-5,undefined
109302046,50,0,1726.84,NaN,-3,0,3,5,0,-3,-2,3,5,0,-4,-3,3,5,0,undefined
259330661,49,1,1475.6530612244899,956,1,0,1,2,-4,-1,-2,-1,0,-4,-1,-3,2,3,-3,undefined
874586563,47,3,1673.872340425532,2840.3333333333335,1,2,-1,2,0,1,0,1,2,2,3,0,0,1,undefined,-1
809126221,50,0,1521.86,NaN,-1,-1,1,1,1,-2,-3,1,2,-3,-1,-2,1,1,-1,undefined
374513401,49,1,1647.795918367347,16,1,undefined,3,4,-1,-1,undefined,3,undefined,undefined,4,4,1,undefined,1,undefined
913994121,44,6,1631.3863636363637,3578.6666666666665,1,-1,0,1,3,-2,-3,2,3,3,-2,-5,3,5,3,undefined
391954993,50,0,1353.66,NaN,-1,-5,3,5,2,-3,-5,4,5,2,-4,-3,2,5,2,undefined
848766451,49,1,1889.2244897959183,42272,-3,-5,1,3,-3,2,2,-3,0,1,4,4,0,1,0,undefined
906954914,49,1,1733,1055,5,5,-2,2,-1,4,4,-1,1,1,4,4,-1,1,1,undefined
929923005,45,5,1551.2,3143.8,2,-5,0,-1,-5,1,1,1,1,1,1,-2,-2,-1,-5,undefined
