520934
774277
700449
439733
484333
841995
945170
339529
735802
132111
280912
131019
204406
326664
477602
793409
710369
244706
179975
851229
704246
546350
813598
206743
716458
366067
298637
625921
719226
638971
478366
287138
406284
999646
453786
919264
412631
721161
656479
923501
720196
157736
126366
399296
718002
917888
402116
351039
307968
572988
657508
676179
162365
329066
733803
667236
364480
401510
685514
125961
625467
863138
830014
773825
649174
653429
269036
279998
329375
524999
819755
561514
286529
874418
752964
895965
925425
421850
500721
170475
526222
112969
113245
737905
264433
842517
175982
508116
400916
646863
854678
429885
732899
971933
948664
113601
551338
549461
687374
557318
780371
682214
610631
702448
884029
858392
276002
376382
159458
791823
953010
504239
732694
909923
462155
915662
339964
841295
993351
261322
600168
568950
395130
988132
211088
794302
793667
642317
473783
553757
160979
366236
699460
985788
402452
915825
886561
535833
658625
921993
954436
394141
113560
575690
485044
813822
838562
662270
782075
997873
638785
641915
708064
866804
240287
358433
289826
152826
608366
882923
721868
208567
891524
511880
564631
882262
261671
820158
700334
394861
763975
207996
914601
731547
770862
332678
955004
622747
566751
181432
724240
135179
852768
651187
341190
998097
454551
586503
