173612370,14,16,335,381.375,undefined,undefined,undefined,undefined,undefined,0,1,1,undefined,undefined,undefined,undefined,undefined,undefined,undefined,undefined,undefined,undefined,undefined,undefined,undefined
421939894,30,0,1990,NaN,3,3,-4,-3,3,0,0,-2,1,-1,1,1,-3,-1,-3,-2,-3,0,3,1,undefined
970987794,30,0,1596.9333333333334,NaN,2,0,1,1,0,0,0,2,2,0,-4,-4,undefined,4,-3,-2,-2,3,3,-2,undefined
459583484,28,2,2261.714285714286,5688,5,5,-3,-3,5,-3,-3,5,5,3,-2,-4,3,2,4,-5,-5,5,5,3,undefined
598294331,30,0,1532.9333333333334,NaN,-2,-1,-2,2,5,0,-1,-3,1,5,0,-1,0,2,5,-1,-4,0,3,5,undefined
294106994,25,5,2900.76,6012.4,4,4,3,3,5,3,4,2,3,5,1,2,4,4,5,-2,2,2,3,5,undefined
109156576,29,1,1528.6206896551723,2101,-4,-5,5,5,-5,2,-5,5,5,-5,-2,-5,5,undefined,-5,-5,-5,5,5,-5,undefined
425817410,23,7,1990.0434782608695,3812.285714285714,-2,-4,2,4,-4,-1,-1,1,3,-2,-1,-2,1,3,-4,-5,-5,4,5,-5,undefined
909997070,29,1,4067.2413793103447,889,2,2,1,3,5,-1,-1,0,2,5,3,1,0,-2,5,-2,-3,-2,-4,5,undefined
271935004,29,1,2056.4827586206898,616,2,2,2,2,0,-4,-3,-3,-3,-4,0,-1,-1,-2,undefined,-1,-2,-2,-3,-4,undefined
940734907,29,1,3368.9655172413795,3,-4,-5,4,5,1,-4,-5,4,5,-5,1,-3,3,5,-5,-5,-5,4,5,0,undefined
690793511,30,0,2114.1666666666665,NaN,-3,-5,4,5,-1,-4,0,-1,-1,4,2,0,-1,-1,-3,3,1,0,0,4,undefined
991889477,20,10,8339.1,1224.1,-3,-2,2,4,1,-3,-3,3,4,2,2,3,-1,2,3,4,3,-3,-1,4,undefined
943380708,28,2,2278.535714285714,1163,-2,-2,3,5,4,2,2,2,4,4,1,1,2,4,4,1,1,2,4,4,undefined
533995630,27,3,1932.4074074074074,3236.6666666666665,-1,0,0,3,-1,0,undefined,0,5,0,-3,-4,1,5,-4,-5,0,2,5,2,undefined
437172710,28,2,2324.3214285714284,48029.5,-3,-3,-3,-3,-3,0,3,3,3,2,3,3,0,0,2,0,2,0,0,0,undefined
838169456,30,0,1360.1666666666667,NaN,2,-5,2,3,-4,-3,-5,2,3,-4,-3,-5,2,3,-4,2,-5,2,3,-4,undefined
939462259,30,0,1755.6666666666667,NaN,0,0,0,0,1,-3,-3,-3,4,4,-2,-2,3,4,1,-4,-4,4,5,4,undefined
409367389,14,16,6380.642857142857,2557.5625,-3,2,2,2,2,-3,1,1,1,0,4,3,2,1,-3,-3,0,1,1,undefined,undefined
253545390,30,0,4747.1,NaN,-3,-2,2,2,1,-3,-1,2,2,3,-1,0,1,1,3,-4,-3,3,3,-2,undefined
269523456,29,1,2686.206896551724,1719,3,0,2,4,3,-3,-2,3,5,2,3,2,-1,2,4,4,3,-4,-2,4,undefined
576163621,29,1,1620.4827586206898,771,-2,-1,1,2,0,-1,-1,0,1,0,0,0,-1,0,-1,-3,-4,2,4,-2,undefined
601558186,29,1,2769.896551724138,9255,4,3,-2,-1,3,-5,-5,3,3,3,5,3,-5,-5,-3,2,-1,2,2,2,undefined
980850285,29,1,2325.9655172413795,5122,1,1,undefined,-1,-4,-2,-2,1,2,-4,1,1,-1,0,1,0,0,1,2,-4,undefined
684922656,14,16,8638.5,1520.5625,0,0,2,4,5,-4,-4,4,5,5,0,-2,4,5,5,4,3,-1,3,5,undefined
304600801,28,2,2617.0714285714284,4856.5,2,3,-4,-4,-5,5,5,-5,-5,-5,-3,-5,3,4,-5,-1,-2,1,2,-5,undefined
754305674,29,1,2436.9310344827586,2106,3,3,-1,-1,-1,1,1,-1,-1,-1,0,0,0,0,-1,-3,-3,3,4,-1,undefined
904458970,30,0,2001.6,NaN,-1,-1,1,1,1,-3,-3,2,2,1,-2,-1,2,2,1,1,1,1,1,1,undefined
834812826,30,0,3524.233333333333,NaN,-3,-4,2,4,-3,-3,-4,2,4,1,-5,-5,3,5,4,-5,-5,3,5,-3,undefined
839178205,30,0,1227.6,NaN,-3,-2,3,5,2,2,1,1,2,-3,-1,-1,3,4,-3,1,2,0,2,-1,undefined
621564787,29,1,1185.2758620689656,3927,-2,-2,2,3,-2,-1,-1,1,2,-2,0,0,1,2,-2,-1,-1,1,2,-2,undefined
234452377,30,0,2347.266666666667,NaN,-3,-3,-1,-2,5,4,3,-1,1,5,2,1,2,4,5,-3,-3,-2,-3,5,undefined
461658667,30,0,1902.4666666666667,NaN,-3,-3,5,5,5,-5,-5,5,5,5,-3,-2,3,5,5,-5,-5,5,5,5,undefined
748354837,30,0,1513.8666666666666,NaN,0,0,1,3,1,-1,-1,-2,3,0,2,2,-2,2,3,0,0,-1,2,2,undefined
826794604,29,1,2153.896551724138,2256,-2,-3,2,3,-3,0,1,1,2,2,-3,-3,-3,2,0,0,2,0,1,1,undefined
567482146,30,0,1824.9666666666667,NaN,1,3,-3,0,4,-1,2,-1,3,4,3,2,-4,-2,2,2,3,-3,-1,1,undefined
651592720,27,3,4490.7037037037035,9838,undefined,-2,2,5,5,-5,-5,5,5,-2,5,5,-5,-3,1,2,2,-2,-2,5,undefined
872793424,30,0,2013.3333333333333,NaN,2,-4,3,3,-4,-2,-5,4,4,undefined,1,-3,4,4,2,-3,-5,5,5,-5,undefined
828703795,27,3,2849.6666666666665,1698.3333333333333,-2,-2,4,4,2,1,1,3,4,2,-1,-1,3,4,0,2,2,3,4,2,undefined
699811237,29,1,2229.344827586207,19,-1,-1,0,1,2,-1,-1,0,1,3,0,0,undefined,0,1,-1,-1,0,1,1,undefined
928297451,30,0,2197.366666666667,NaN,5,5,0,0,0,3,5,4,4,-3,3,4,0,0,0,1,3,0,0,-3,undefined
878382569,30,0,2034.9666666666667,NaN,-3,-3,2,4,3,-3,-4,4,5,2,-1,-2,1,3,1,-4,-4,4,5,2,undefined
626537229,21,9,1283.4761904761904,762.4444444444445,-1,-2,1,2,-2,-3,-4,3,3,-4,3,3,-3,-2,-2,4,5,-4,-4,3,undefined
636973468,30,0,2037.8333333333333,NaN,0,0,-2,2,-1,2,2,-3,2,3,2,0,-2,2,1,-2,-2,-4,3,0,undefined
758843613,20,10,4647.7,1618.4,-1,-5,3,3,1,-5,-5,5,5,1,-1,-5,2,2,1,-2,-5,4,4,1,undefined
177386686,22,8,2911.4545454545455,1575.625,-3,-3,2,3,5,3,-1,1,3,5,3,1,-3,0,5,-4,-5,5,5,5,undefined
851256940,29,1,2573.862068965517,35151,1,0,1,1,-3,1,1,undefined,2,-2,-3,-1,1,2,-3,1,0,-1,-2,-2,undefined
350316453,30,0,4275.366666666667,NaN,-2,-2,3,4,5,0,-1,3,4,4,-4,-4,3,5,0,-5,-4,4,4,3,undefined
640553440,30,0,2959.9333333333334,NaN,3,1,2,0,2,1,1,0,0,1,1,0,0,0,1,-1,0,0,0,0,undefined
908958450,30,0,4222.566666666667,NaN,4,1,-1,0,0,0,1,-2,-1,2,2,1,-1,0,1,-2,-3,1,2,-4,undefined
696711339,29,1,2110.5172413793102,6495,-1,-1,1,2,-2,-3,-3,3,4,-3,-2,-2,1,2,-1,-3,-1,2,3,2,undefined
906701257,29,1,2182.896551724138,298,3,5,-3,1,4,-1,1,1,3,4,-5,-5,2,5,3,-4,1,2,-3,3,undefined
786220370,29,1,1820.551724137931,2489,0,0,0,0,-3,-2,-2,1,1,-3,undefined,-4,2,4,-5,-3,-5,4,4,2,undefined
147778129,30,0,1410.2333333333333,NaN,1,3,1,3,4,1,4,1,3,4,1,3,1,3,4,1,2,1,3,4,undefined
965459073,30,0,1907.9333333333334,NaN,-4,-3,1,4,2,-2,-1,-1,3,-3,-1,1,-2,2,4,-2,-2,-1,2,-1,undefined
508853681,30,0,1494.8,NaN,-3,-5,2,4,3,0,-2,0,1,-2,-2,-5,3,5,4,-1,-3,0,1,0,undefined
573261552,26,4,2931.1923076923076,1681,-3,-4,4,5,-2,-1,-3,3,4,3,1,-3,2,4,3,-4,-4,3,5,-1,undefined
210688171,28,2,4541.214285714285,13117.5,-2,-2,4,4,-2,-2,-3,4,4,-2,-2,-2,4,4,-1,0,-2,4,4,-1,undefined
315351187,30,0,1616.1666666666667,NaN,-4,-5,1,2,1,-4,-5,1,4,-1,-2,-4,-1,-1,1,-4,-5,2,3,0,undefined
903692283,29,1,1724.6206896551723,632,3,3,3,2,2,-1,2,2,3,2,3,3,-1,-2,2,-1,-1,2,2,3,undefined
112362126,30,0,1980.1666666666667,NaN,0,-2,1,3,-5,-3,-4,2,4,-5,1,1,0,2,-4,-1,-1,2,4,-5,undefined
177697437,28,2,4096.607142857143,3426.5,-3,-5,5,5,-5,1,-1,1,4,-5,2,1,-1,3,-5,-2,-3,2,4,1,undefined
295571901,30,0,2762.133333333333,NaN,2,2,-3,undefined,2,-2,-2,-3,0,-2,3,2,-3,-4,3,-3,-3,3,3,-3,undefined
584056043,29,1,1294.551724137931,712,0,2,0,-1,1,1,1,2,1,0,1,0,2,1,3,2,0,1,2,-1,undefined
931853367,28,2,1420.4285714285713,5510,3,2,-3,-2,5,2,2,-1,1,5,2,2,3,-3,5,1,0,-2,-1,5,undefined
876252809,30,0,2180.1666666666665,NaN,-5,-5,4,5,-5,-2,-4,3,4,-4,-2,-4,2,3,-1,1,2,-1,-1,0,undefined
189249221,27,3,3272.1111111111113,8268.666666666666,-5,-5,5,5,1,1,0,-1,-1,-1,1,0,-1,-1,undefined,-3,-4,3,5,undefined,undefined
366270556,30,0,2701.2,NaN,1,1,5,5,-5,-1,-5,5,5,-5,-1,1,5,5,-5,-4,-5,5,5,-5,undefined
941907108,29,1,3260.6206896551726,2589,-1,-1,1,1,1,-1,-1,1,1,1,-1,-1,1,1,1,-1,-2,1,1,1,undefined
250364656,30,0,1657.6666666666667,NaN,-2,0,0,5,4,-1,0,0,5,5,-5,-3,0,5,5,-5,-4,0,5,5,undefined
379141445,30,0,2444,NaN,0,0,0,0,0,0,0,0,0,0,0,0,0,0,0,0,0,0,0,0,undefined
688460824,29,1,1750.103448275862,1090,1,0,-1,-1,-1,-2,-2,-2,0,-1,-1,-2,-2,-2,-1,1,1,1,-2,1,undefined
571020599,28,2,1756.3214285714287,1332.5,2,-3,3,3,2,-1,-3,3,3,2,0,-3,3,3,2,-2,-3,3,3,2,undefined
209633291,28,2,2746.8214285714284,2594.5,0,-1,2,3,-2,0,0,0,0,-2,1,1,-1,-2,-2,-4,0,1,undefined,-2,undefined
941433184,23,7,995.1739130434783,739,-1,1,1,1,-1,-2,-3,-1,-1,1,-1,-2,-1,-3,-2,0,undefined,-1,1,1,undefined
766816003,30,0,1557.6333333333334,NaN,1,1,-1,1,5,0,-1,-1,3,5,-2,-3,1,3,5,-3,-3,2,4,5,undefined
279553567,30,0,2181.633333333333,NaN,1,-2,-1,2,5,-1,-2,-2,2,5,-2,-2,-1,1,5,0,-1,-2,1,5,undefined
357567057,30,0,2116.6,NaN,-1,-1,1,3,1,-3,-3,1,5,2,1,1,-2,2,3,-2,-5,3,5,1,undefined
468201833,30,0,1178.5333333333333,NaN,0,0,0,0,0,0,0,0,0,0,0,0,0,0,0,0,0,0,0,0,undefined
717815149,30,0,1253.2666666666667,NaN,-1,-1,1,3,-3,3,2,-1,0,5,4,3,-3,-1,4,1,1,-2,1,-1,undefined
300886088,28,2,3270.3214285714284,11207.5,0,-1,2,3,0,2,3,2,4,-2,0,-1,3,4,0,2,1,2,4,-1,undefined
690562061,30,0,1206.2,NaN,2,2,0,1,0,-2,-2,1,3,1,3,3,-3,-1,3,-3,-1,2,4,-3,undefined
667372906,30,0,1334.0333333333333,NaN,2,4,-3,-2,5,-1,-1,2,4,5,4,5,-3,-2,5,-4,-4,4,5,5,undefined
960571714,25,5,3220.08,3513,2,2,-1,-2,2,-2,-4,2,4,3,1,1,2,2,4,-3,-3,2,3,1,undefined
897667208,14,16,2710.6428571428573,1442.6875,2,-1,undefined,2,2,-3,0,0,3,-3,1,2,-2,1,-3,-3,-4,0,3,-3,undefined
865105049,26,4,2068.730769230769,2079,-3,-5,5,5,-5,5,5,0,0,-5,3,3,0,0,-5,-5,-5,5,5,-5,undefined
663688017,30,0,1416.2333333333333,NaN,-1,-3,5,5,5,1,-2,-5,-5,5,-5,-5,5,5,undefined,-5,-5,5,5,5,undefined
181185954,30,0,1189,NaN,0,0,0,0,0,0,0,0,0,0,0,0,0,0,0,0,0,0,0,0,undefined
101731812,30,0,1872.2333333333333,NaN,1,1,1,0,0,0,-1,2,1,0,2,2,-1,0,1,2,2,3,0,0,undefined
197920371,30,0,1817.4333333333334,NaN,-1,0,-1,0,-1,0,0,0,0,-1,0,0,1,1,-1,0,0,0,0,0,0
226487180,25,5,1747.04,1381.4,2,2,-2,-2,5,-5,-5,5,5,5,1,1,-1,-1,5,-1,-1,1,1,5,undefined
598840661,29,1,6499.482758620689,3189,2,2,-1,1,4,-2,0,0,2,4,-4,-4,2,2,4,-3,-4,4,4,4,undefined
142774808,30,0,3070.3333333333335,NaN,0,-1,0,1,2,1,-1,-1,0,2,0,-1,0,1,-1,-1,-2,1,2,2,undefined
994501782,28,2,1904.2142857142857,2710,-5,-5,5,5,-3,2,2,-2,-2,0,-5,-5,3,5,-3,-2,-2,2,5,-2,undefined
688975790,29,1,2308.3793103448274,10276,-1,-3,3,4,-5,-5,-5,3,3,-5,2,3,-2,-1,-5,-2,-2,-1,-1,-5,undefined
860621477,30,0,2113.9,NaN,0,1,-1,1,2,-1,-2,-2,-1,1,3,2,0,0,2,0,1,-1,2,1,undefined
332342975,30,0,1427.7333333333333,NaN,2,1,-3,0,4,-4,-2,0,2,4,2,2,-3,-2,4,-4,-4,1,3,4,undefined
538336372,30,0,2428.4333333333334,NaN,1,1,0,0,4,2,0,undefined,0,2,2,-1,0,1,3,-2,-4,2,3,3,undefined
491818239,30,0,1562.6,NaN,-3,-3,-2,1,-3,5,4,-4,-3,3,2,4,-2,0,3,3,3,1,2,2,undefined
947664318,29,1,2863.5862068965516,1828,5,undefined,5,5,5,5,5,-5,5,5,5,3,-2,5,5,5,4,-4,5,5,undefined
297133920,27,3,2022.0740740740741,4100.333333333333,4,3,2,3,3,1,-2,3,5,2,-3,-2,3,4,0,4,2,4,4,3,undefined
324290237,29,1,1669.7241379310344,574,2,1,-1,1,0,-2,0,2,1,0,-2,3,0,-1,1,0,2,1,0,2,0
960846956,28,2,2671.8214285714284,10034.5,2,1,1,2,0,3,3,0,0,1,0,1,1,2,0,2,1,1,2,1,undefined
