497863
847978
608584
791083
156717
232048
235538
671867
149934
127412
969196
532842
682347
579400
607309
433624
323210
345960
243553
970217
121097
724216
925124
637661
330236
847630
718679
714463
109839
960945
938605
286820
646408
761215
256129
927769
746858
846710
338072
611400
336225
533893
816562
829053
539294
378353
856178
572442
563771
605893
596053
585499
410629
797065
995508
851244
567524
916688
666778
537642
404379
837838
757832
929774
148708
324316
437228
971383
973567
438741
960106
238530
132110
196505
615830
199996
190930
809393
712514
762336
911121
230995
744522
497241
401285
228428
974850
144985
369413
542129
268568
557215
599922
259817
189936
723029
257506
584319
159369
825477
645612
463393
313350
186065
399807
753400
918332
860711
761705
402303
222335
376508
942739
762500
870512
445530
782967
630606
608397
804308
214571
956640
524703
987359
128842
289911
352914
326126
